%%MatrixMarket matrix coordinate integer general
126 883 8000
1 1 4
4 1 4
8 1 5
10 1 3
20 1 3
25 1 4
29 1 3
30 1 4
47 1 3
53 1 3
60 1 3
71 1 3
73 1 5
77 1 3
82 1 3
83 1 3
1 2 5
2 2 5
3 2 2
4 2 5
5 2 3
6 2 5
7 2 5
9 2 5
11 2 3
12 2 2
13 2 4
15 2 2
16 2 5
18 2 4
19 2 3
20 2 4
21 2 4
22 2 5
25 2 5
26 2 4
27 2 5
28 2 4
29 2 5
31 2 3
33 2 3
34 2 3
35 2 4
36 2 5
37 2 3
38 2 4
40 2 5
41 2 5
43 2 5
44 2 3
45 2 3
46 2 5
47 2 3
48 2 4
49 2 5
50 2 4
52 2 3
53 2 4
54 2 4
55 2 3
56 2 4
57 2 5
58 2 4
61 2 4
62 2 4
63 2 4
64 2 4
65 2 3
66 2 3
67 2 4
69 2 5
70 2 3
72 2 3
73 2 4
74 2 5
75 2 4
76 2 3
77 2 2
78 2 3
79 2 5
80 2 3
81 2 4
82 2 3
83 2 4
84 2 5
85 2 5
86 2 5
87 2 3
88 2 3
89 2 3
90 2 4
97 2 5
106 2 4
110 2 5
112 2 5
113 2 4
123 2 3
124 2 5
1 3 5
2 3 4
3 3 2
4 3 3
5 3 3
7 3 2
8 3 5
11 3 4
12 3 4
13 3 4
17 3 4
18 3 4
19 3 4
20 3 2
21 3 4
23 3 4
24 3 3
25 3 5
26 3 4
29 3 4
30 3 5
32 3 4
33 3 3
34 3 4
39 3 5
40 3 4
41 3 5
42 3 4
43 3 5
46 3 5
47 3 4
49 3 5
50 3 4
52 3 4
53 3 4
54 3 5
55 3 3
56 3 4
57 3 3
58 3 4
60 3 3
61 3 3
62 3 3
64 3 4
67 3 3
70 3 3
71 3 4
72 3 3
73 3 3
74 3 5
75 3 3
78 3 3
79 3 4
82 3 3
83 3 4
84 3 3
85 3 4
86 3 4
87 3 4
88 3 3
89 3 4
90 3 4
97 3 5
106 3 3
110 3 3
123 3 4
1 4 4
2 4 3
4 4 5
7 4 3
8 4 5
9 4 4
10 4 4
11 4 3
12 4 5
13 4 4
15 4 5
16 4 2
18 4 3
20 4 2
23 4 4
24 4 4
25 4 5
26 4 3
29 4 3
30 4 3
32 4 3
33 4 3
34 4 3
36 4 3
37 4 4
38 4 4
39 4 5
40 4 3
41 4 5
42 4 3
43 4 3
44 4 3
47 4 4
49 4 3
50 4 4
53 4 5
54 4 4
55 4 3
58 4 5
59 4 3
60 4 2
61 4 3
64 4 4
66 4 3
67 4 3
69 4 5
70 4 3
71 4 3
72 4 3
73 4 3
74 4 4
75 4 4
76 4 3
79 4 2
81 4 3
83 4 4
84 4 3
85 4 4
86 4 5
87 4 3
88 4 3
89 4 3
90 4 5
91 4 5
92 4 5
93 4 4
97 4 3
110 4 3
118 4 5
123 4 4
1 5 4
9 5 4
20 5 3
25 5 4
29 5 3
30 5 4
71 5 3
72 5 5
73 5 2
83 5 5
1 6 4
6 6 4
8 6 1
56 6 3
73 6 4
74 6 5
83 6 5
113 6 4
1 7 4
4 7 5
7 7 4
8 7 3
12 7 4
13 7 5
16 7 4
19 7 4
21 7 4
24 7 3
25 7 5
27 7 4
29 7 4
32 7 4
34 7 3
35 7 3
36 7 4
37 7 3
38 7 4
40 7 3
43 7 4
45 7 4
47 7 3
51 7 3
53 7 3
54 7 5
58 7 3
61 7 4
64 7 3
67 7 3
71 7 4
73 7 4
74 7 5
77 7 2
82 7 3
83 7 3
84 7 3
86 7 4
88 7 3
90 7 4
110 7 3
113 7 3
1 8 3
4 8 3
12 8 3
17 8 3
18 8 3
20 8 1
25 8 4
29 8 3
38 8 3
39 8 5
67 8 3
72 8 3
90 8 4
1 9 3
73 9 3
86 9 4
1 10 3
2 10 4
4 10 5
7 10 2
8 10 4
12 10 5
13 10 2
15 10 3
16 10 5
17 10 4
18 10 3
19 10 3
20 10 3
22 10 3
23 10 5
24 10 3
25 10 5
26 10 3
27 10 5
29 10 3
30 10 5
32 10 4
33 10 4
34 10 4
36 10 4
37 10 3
38 10 4
40 10 4
41 10 5
42 10 4
43 10 3
44 10 3
46 10 5
47 10 4
49 10 4
50 10 4
53 10 4
54 10 4
55 10 3
57 10 3
58 10 3
60 10 2
61 10 3
62 10 4
65 10 2
66 10 3
67 10 3
69 10 4
71 10 4
72 10 3
73 10 5
74 10 5
75 10 4
79 10 4
80 10 3
82 10 3
83 10 3
84 10 4
85 10 4
86 10 3
87 10 3
88 10 4
89 10 3
90 10 3
91 10 4
92 10 3
97 10 5
110 10 4
1 11 4
9 11 4
15 11 3
28 11 3
29 11 3
73 11 4
86 11 4
1 12 2
4 12 2
5 12 2
8 12 1
10 12 3
12 12 3
15 12 3
18 12 3
25 12 4
32 12 3
33 12 3
34 12 3
38 12 3
39 12 4
40 12 3
52 12 3
54 12 3
59 12 3
64 12 3
67 12 3
71 12 3
72 12 3
76 12 3
84 12 2
86 12 5
88 12 3
90 12 4
110 12 3
1 13 4
9 13 3
18 13 4
22 13 3
26 13 4
59 13 3
1 14 3
2 14 4
7 14 2
8 14 3
9 14 3
10 14 3
12 14 3
15 14 3
18 14 3
19 14 4
24 14 3
27 14 4
29 14 3
33 14 3
34 14 3
40 14 3
48 14 1
53 14 1
55 14 3
56 14 3
64 14 3
67 14 3
71 14 3
72 14 3
73 14 5
82 14 2
84 14 3
86 14 4
87 14 2
90 14 5
1 15 4
2 15 3
4 15 3
7 15 3
8 15 3
9 15 3
10 15 4
11 15 3
12 15 3
13 15 3
15 15 4
16 15 5
17 15 3
18 15 3
19 15 4
20 15 1
21 15 4
22 15 1
23 15 3
24 15 4
25 15 5
26 15 3
28 15 4
29 15 3
30 15 3
32 15 3
33 15 3
34 15 3
36 15 3
37 15 2
38 15 4
39 15 5
40 15 3
41 15 4
42 15 3
43 15 3
46 15 3
47 15 3
49 15 3
50 15 4
53 15 3
54 15 4
56 15 2
57 15 3
58 15 3
60 15 2
64 15 3
66 15 2
67 15 3
72 15 2
73 15 4
75 15 3
77 15 3
78 15 3
79 15 3
81 15 3
82 15 3
86 15 5
87 15 2
88 15 3
89 15 3
90 15 3
91 15 4
92 15 5
1 16 3
3 16 3
12 16 5
26 16 3
56 16 3
73 16 4
87 16 3
110 16 3
1 17 5
4 17 5
5 17 3
7 17 3
8 17 3
9 17 4
10 17 3
11 17 4
12 17 3
13 17 2
15 17 5
17 17 3
18 17 3
19 17 3
20 17 3
21 17 5
22 17 4
23 17 4
24 17 5
25 17 4
26 17 5
30 17 3
31 17 5
33 17 4
34 17 3
38 17 5
39 17 3
40 17 5
41 17 4
42 17 4
43 17 5
45 17 2
46 17 5
49 17 3
50 17 3
52 17 3
55 17 3
56 17 3
57 17 4
58 17 3
59 17 2
61 17 3
63 17 3
64 17 4
65 17 3
66 17 3
67 17 4
70 17 2
71 17 4
72 17 4
73 17 5
74 17 4
75 17 3
76 17 3
80 17 4
81 17 4
83 17 5
84 17 4
86 17 5
87 17 3
88 17 3
89 17 3
90 17 4
91 17 4
92 17 4
93 17 5
97 17 4
123 17 4
1 18 5
2 18 5
5 18 3
6 18 5
7 18 5
8 18 4
9 18 4
11 18 4
12 18 3
13 18 3
15 18 4
16 18 3
17 18 5
19 18 3
20 18 2
22 18 3
23 18 4
24 18 5
25 18 5
26 18 5
27 18 4
28 18 4
29 18 5
30 18 5
31 18 2
33 18 4
34 18 4
35 18 4
36 18 3
38 18 3
40 18 4
41 18 5
42 18 4
43 18 4
44 18 3
45 18 2
46 18 3
47 18 3
48 18 5
50 18 4
52 18 4
53 18 3
54 18 4
55 18 3
56 18 4
57 18 4
58 18 3
59 18 3
60 18 2
62 18 5
64 18 4
65 18 2
66 18 4
67 18 4
69 18 4
71 18 3
73 18 5
74 18 2
75 18 4
76 18 5
77 18 4
78 18 4
79 18 5
80 18 5
81 18 3
82 18 4
83 18 3
84 18 4
85 18 5
86 18 4
87 18 4
88 18 4
89 18 3
90 18 4
91 18 4
106 18 5
110 18 4
113 18 5
123 18 3
1 19 5
4 19 4
5 19 3
6 19 4
7 19 3
8 19 4
9 19 4
10 19 4
11 19 3
12 19 4
13 19 3
14 19 3
15 19 5
16 19 2
17 19 3
18 19 3
19 19 3
20 19 3
21 19 3
22 19 3
24 19 3
25 19 3
26 19 4
28 19 2
29 19 3
30 19 3
31 19 3
32 19 3
33 19 3
34 19 3
35 19 4
36 19 3
37 19 4
38 19 3
39 19 3
40 19 5
41 19 3
43 19 3
45 19 3
46 19 3
47 19 2
48 19 3
49 19 4
50 19 3
52 19 3
53 19 4
54 19 3
55 19 4
56 19 4
57 19 3
59 19 3
60 19 1
61 19 4
62 19 4
63 19 3
64 19 3
65 19 3
66 19 3
67 19 3
69 19 3
70 19 3
71 19 2
72 19 3
73 19 3
74 19 3
75 19 3
76 19 2
77 19 3
78 19 3
79 19 3
80 19 3
81 19 3
82 19 3
83 19 3
84 19 5
85 19 5
86 19 5
87 19 3
88 19 3
89 19 3
90 19 3
91 19 3
97 19 3
108 19 5
110 19 3
113 19 3
120 19 5
123 19 3
1 20 5
5 20 3
6 20 3
7 20 5
8 20 4
9 20 3
10 20 3
11 20 4
12 20 3
13 20 2
14 20 4
15 20 4
17 20 5
18 20 3
20 20 3
21 20 4
22 20 3
23 20 3
24 20 5
25 20 5
26 20 5
30 20 3
31 20 5
34 20 3
38 20 4
39 20 3
40 20 5
43 20 4
44 20 3
45 20 2
52 20 3
56 20 4
57 20 5
58 20 4
59 20 3
61 20 3
63 20 3
66 20 4
67 20 4
71 20 4
72 20 3
73 20 5
74 20 5
75 20 4
80 20 5
81 20 4
82 20 3
83 20 5
84 20 3
85 20 4
86 20 5
88 20 3
89 20 3
90 20 3
91 20 4
123 20 4
1 21 4
9 21 2
17 21 3
18 21 4
25 21 5
26 21 4
38 21 3
39 21 4
51 21 1
52 21 4
56 21 3
57 21 3
59 21 2
67 21 3
72 21 3
74 21 3
83 21 3
86 21 5
90 21 3
123 21 2
1 22 4
6 22 5
9 22 4
10 22 4
18 22 3
20 22 3
25 22 5
59 22 3
67 22 3
73 22 4
77 22 3
86 22 5
90 22 4
1 23 4
3 23 4
9 23 4
10 23 3
12 23 5
20 23 3
29 23 4
34 23 3
42 23 3
53 23 4
55 23 4
56 23 5
58 23 5
66 23 4
67 23 3
71 23 3
73 23 4
87 23 4
97 23 5
113 23 3
1 24 5
4 24 5
8 24 3
9 24 2
10 24 3
12 24 4
15 24 1
35 24 3
38 24 4
50 24 5
52 24 4
55 24 3
56 24 4
59 24 3
66 24 1
67 24 3
71 24 3
72 24 3
73 24 5
77 24 2
83 24 5
86 24 5
90 24 5
97 24 2
113 24 2
115 24 4
1 25 3
10 25 3
18 25 3
71 25 3
77 25 2
90 25 3
1 26 5
2 26 4
6 26 5
7 26 3
8 26 4
10 26 4
12 26 3
13 26 3
14 26 3
15 26 1
19 26 3
20 26 2
21 26 2
24 26 4
25 26 5
26 26 3
27 26 5
29 26 4
32 26 3
36 26 4
37 26 3
40 26 3
41 26 5
42 26 4
45 26 3
46 26 3
47 26 1
48 26 5
52 26 3
53 26 3
54 26 4
58 26 3
60 26 1
64 26 2
65 26 2
67 26 3
71 26 4
72 26 3
73 26 3
74 26 5
75 26 3
77 26 3
78 26 3
79 26 4
81 26 3
83 26 3
84 26 5
85 26 3
86 26 4
88 26 3
89 26 3
90 26 4
91 26 4
97 26 3
106 26 3
1 27 4
8 27 5
9 27 3
10 27 3
15 27 4
17 27 3
25 27 5
33 27 3
48 27 4
57 27 3
61 27 4
66 27 3
67 27 3
71 27 3
72 27 3
73 27 3
77 27 1
82 27 3
83 27 3
84 27 3
90 27 3
1 28 4
12 28 5
26 28 2
73 28 4
74 28 4
110 28 4
1 29 4
4 29 1
8 29 2
12 29 1
18 29 3
25 29 4
29 29 3
33 29 2
40 29 3
42 29 3
47 29 2
53 29 4
60 29 1
67 29 3
72 29 2
73 29 3
90 29 4
92 29 4
97 29 3
1 30 5
12 30 5
35 30 3
52 30 3
72 30 4
73 30 4
74 30 5
77 30 3
113 30 4
1 31 3
2 31 3
3 31 1
7 31 3
9 31 2
10 31 3
11 31 3
12 31 3
13 31 3
14 31 3
15 31 4
17 31 4
19 31 4
20 31 2
24 31 3
25 31 4
29 31 4
30 31 2
32 31 4
37 31 2
40 31 4
41 31 1
42 31 4
45 31 1
46 31 3
47 31 2
48 31 3
49 31 4
52 31 4
53 31 3
54 31 3
56 31 1
57 31 1
58 31 3
59 31 5
60 31 2
61 31 3
62 31 3
64 31 2
66 31 2
70 31 1
73 31 3
74 31 3
75 31 2
77 31 2
78 31 3
79 31 3
81 31 3
83 31 4
85 31 3
86 31 4
87 31 1
88 31 3
89 31 3
90 31 4
97 31 1
118 31 2
1 32 2
4 32 2
8 32 2
12 32 3
18 32 1
25 32 2
72 32 3
73 32 2
83 32 4
92 32 3
110 32 3
1 33 4
3 33 3
4 33 5
6 33 4
8 33 3
9 33 4
15 33 4
19 33 3
20 33 3
24 33 4
25 33 4
26 33 3
29 33 3
31 33 4
33 33 3
36 33 5
38 33 3
42 33 3
48 33 3
66 33 3
67 33 3
71 33 4
73 33 4
74 33 4
77 33 3
84 33 5
86 33 3
87 33 4
108 33 3
110 33 3
1 34 4
3 34 1
6 34 3
8 34 4
10 34 3
15 34 5
25 34 5
29 34 3
33 34 3
36 34 4
56 34 3
61 34 3
66 34 3
67 34 3
72 34 4
73 34 4
82 34 4
110 34 4
1 35 5
4 35 5
6 35 4
9 35 4
12 35 5
15 35 4
20 35 4
25 35 4
26 35 4
29 35 3
31 35 3
34 35 3
48 35 3
53 35 3
55 35 3
56 35 2
61 35 4
67 35 4
73 35 4
74 35 4
82 35 3
87 35 4
90 35 3
108 35 3
1 36 4
4 36 4
8 36 3
9 36 2
12 36 4
15 36 3
25 36 4
29 36 3
55 36 3
59 36 3
61 36 4
66 36 3
67 36 3
73 36 3
77 36 2
86 36 5
87 36 3
90 36 4
1 37 4
4 37 5
18 37 3
25 37 5
29 37 3
38 37 3
71 37 4
73 37 5
1 38 5
3 38 4
6 38 5
10 38 4
16 38 5
18 38 3
25 38 5
26 38 5
29 38 3
34 38 4
35 38 5
42 38 3
67 38 3
73 38 4
74 38 3
80 38 4
83 38 4
86 38 5
87 38 5
88 38 3
110 38 4
123 38 3
1 39 4
2 39 4
4 39 4
6 39 2
7 39 4
8 39 3
9 39 4
12 39 3
14 39 3
19 39 3
22 39 2
23 39 3
24 39 5
27 39 4
28 39 5
29 39 3
33 39 3
34 39 4
35 39 4
38 39 5
42 39 3
44 39 3
49 39 5
52 39 4
53 39 4
55 39 3
56 39 1
64 39 3
66 39 2
67 39 4
73 39 3
74 39 4
77 39 4
80 39 1
81 39 3
82 39 3
83 39 3
87 39 4
88 39 4
110 39 4
115 39 5
1 40 5
73 40 3
110 40 3
1 41 4
12 41 4
18 41 3
71 41 3
73 41 4
1 42 3
4 42 4
12 42 4
15 42 3
16 42 3
18 42 2
20 42 3
25 42 3
29 42 3
40 42 3
61 42 3
73 42 4
83 42 2
86 42 5
90 42 5
110 42 3
1 43 3
73 43 3
1 44 4
3 44 4
4 44 5
9 44 5
29 44 3
30 44 3
43 44 4
53 44 3
71 44 3
73 44 4
123 44 4
1 45 4
3 45 3
4 45 4
12 45 5
22 45 3
24 45 3
25 45 5
28 45 5
29 45 4
31 45 4
34 45 3
36 45 4
48 45 3
52 45 4
53 45 2
56 45 3
64 45 3
66 45 2
67 45 3
73 45 3
77 45 4
82 45 3
83 45 4
84 45 5
88 45 3
90 45 1
106 45 4
108 45 4
1 46 5
26 46 3
73 46 3
74 46 3
110 46 3
1 47 5
2 47 4
3 47 1
4 47 5
7 47 4
8 47 4
9 47 3
10 47 3
11 47 3
12 47 3
13 47 5
16 47 1
18 47 3
19 47 3
21 47 4
24 47 5
25 47 5
27 47 4
29 47 3
32 47 4
34 47 3
35 47 4
38 47 3
41 47 5
42 47 3
43 47 3
46 47 3
47 47 3
48 47 3
49 47 4
50 47 3
52 47 3
53 47 3
54 47 4
56 47 3
58 47 3
60 47 1
61 47 4
62 47 4
64 47 3
66 47 3
67 47 4
69 47 4
72 47 3
73 47 4
74 47 5
75 47 3
77 47 3
78 47 3
79 47 4
81 47 3
82 47 3
83 47 4
84 47 4
85 47 4
86 47 5
87 47 3
88 47 5
90 47 5
113 47 4
1 48 3
51 48 3
1 49 4
3 49 4
6 49 4
7 49 4
9 49 5
10 49 3
11 49 3
12 49 3
13 49 3
14 49 3
16 49 4
19 49 5
21 49 3
24 49 3
25 49 3
26 49 4
29 49 3
34 49 4
35 49 3
36 49 3
37 49 3
41 49 3
46 49 4
47 49 4
51 49 3
53 49 5
54 49 3
55 49 3
56 49 4
57 49 5
58 49 4
60 49 3
62 49 3
65 49 3
66 49 3
67 49 4
74 49 3
75 49 2
76 49 4
77 49 3
80 49 3
82 49 3
83 49 5
84 49 2
86 49 3
87 49 3
88 49 4
106 49 3
110 49 5
113 49 5
123 49 5
1 50 4
4 50 3
8 50 3
10 50 4
12 50 3
16 50 3
17 50 3
18 50 3
24 50 3
25 50 5
27 50 4
32 50 4
33 50 3
34 50 3
38 50 4
40 50 2
42 50 3
52 50 3
53 50 3
55 50 2
67 50 3
73 50 4
83 50 5
84 50 2
90 50 3
92 50 4
1 51 3
2 51 3
3 51 1
4 51 2
6 51 3
8 51 3
9 51 3
10 51 4
11 51 2
12 51 2
13 51 3
15 51 4
17 51 4
18 51 2
19 51 3
20 51 2
21 51 4
24 51 4
25 51 3
27 51 4
29 51 4
30 51 5
32 51 3
34 51 3
38 51 3
40 51 4
41 51 3
42 51 3
44 51 3
45 51 2
46 51 2
47 51 2
49 51 3
50 51 4
53 51 3
54 51 3
58 51 3
59 51 3
60 51 3
61 51 4
63 51 3
64 51 4
66 51 4
67 51 3
69 51 5
70 51 4
71 51 3
72 51 3
73 51 5
74 51 4
75 51 1
79 51 3
80 51 2
81 51 3
82 51 3
84 51 5
85 51 4
86 51 4
87 51 4
88 51 3
89 51 3
90 51 4
91 51 4
97 51 3
123 51 5
1 52 5
2 52 4
7 52 3
9 52 4
10 52 3
12 52 3
13 52 3
18 52 3
19 52 3
25 52 4
26 52 3
27 52 3
32 52 4
34 52 3
40 52 4
48 52 3
51 52 3
54 52 5
56 52 3
58 52 3
59 52 3
61 52 5
64 52 3
66 52 3
67 52 3
71 52 3
72 52 3
73 52 4
81 52 4
83 52 3
84 52 3
86 52 4
90 52 5
120 52 4
1 53 3
2 53 3
5 53 3
9 53 3
10 53 3
11 53 3
12 53 2
13 53 3
15 53 3
16 53 3
19 53 3
20 53 3
21 53 4
25 53 4
26 53 3
29 53 3
30 53 4
31 53 5
32 53 3
33 53 2
34 53 3
36 53 4
38 53 4
40 53 3
41 53 4
49 53 5
50 53 5
53 53 3
54 53 3
55 53 2
56 53 3
57 53 3
59 53 3
60 53 3
62 53 3
63 53 4
64 53 4
66 53 3
67 53 3
69 53 3
70 53 4
72 53 3
73 53 4
74 53 4
75 53 4
78 53 3
84 53 3
85 53 5
86 53 5
87 53 3
88 53 4
89 53 3
90 53 3
91 53 5
92 53 3
97 53 3
113 53 3
1 54 5
3 54 1
4 54 5
5 54 3
6 54 5
9 54 3
10 54 3
11 54 3
12 54 4
13 54 4
15 54 4
18 54 3
21 54 4
22 54 3
24 54 5
25 54 4
26 54 4
28 54 4
29 54 3
34 54 3
38 54 3
40 54 5
41 54 4
42 54 3
44 54 4
45 54 3
46 54 5
48 54 3
51 54 2
52 54 4
53 54 3
54 54 3
56 54 3
59 54 4
61 54 3
62 54 4
66 54 3
67 54 3
71 54 4
72 54 4
73 54 4
74 54 5
75 54 3
78 54 3
79 54 3
81 54 4
83 54 5
84 54 3
86 54 4
88 54 4
90 54 3
93 54 4
108 54 4
110 54 3
1 55 5
2 55 4
3 55 3
4 55 5
7 55 4
8 55 3
9 55 3
10 55 3
11 55 3
12 55 3
13 55 3
14 55 4
15 55 4
17 55 2
18 55 3
19 55 4
20 55 2
21 55 4
22 55 3
24 55 5
25 55 5
26 55 3
27 55 5
29 55 4
30 55 4
32 55 4
33 55 3
34 55 3
36 55 4
37 55 3
38 55 4
39 55 3
40 55 5
41 55 5
42 55 3
43 55 4
45 55 3
46 55 3
47 55 3
48 55 5
49 55 3
50 55 5
51 55 3
53 55 3
54 55 4
55 55 3
56 55 3
57 55 4
58 55 3
59 55 3
60 55 3
61 55 5
62 55 2
64 55 3
65 55 3
66 55 2
67 55 4
69 55 2
70 55 2
71 55 2
72 55 3
73 55 4
74 55 3
75 55 5
76 55 4
79 55 4
80 55 2
81 55 3
82 55 3
83 55 3
84 55 3
86 55 3
87 55 3
88 55 5
89 55 5
90 55 3
91 55 3
92 55 5
97 55 4
110 55 3
120 55 5
123 55 5
1 56 4
23 56 3
35 56 5
73 56 3
110 56 4
1 57 3
8 57 4
9 57 5
10 57 4
12 57 3
17 57 4
20 57 3
22 57 4
28 57 4
29 57 5
30 57 4
33 57 4
38 57 4
40 57 5
42 57 3
45 57 4
50 57 5
52 57 4
53 57 2
55 57 5
58 57 3
67 57 4
71 57 2
73 57 5
84 57 5
86 57 4
87 57 1
90 57 5
97 57 4
108 57 3
115 57 3
123 57 4
1 58 3
51 58 3
53 58 4
110 58 4
123 58 3
2 59 4
3 59 4
5 59 3
7 59 4
8 59 5
9 59 5
10 59 3
11 59 5
13 59 3
17 59 3
18 59 4
20 59 3
22 59 4
24 59 5
25 59 5
26 59 4
29 59 5
30 59 3
31 59 5
36 59 5
54 59 4
72 59 5
77 59 3
78 59 3
80 59 4
81 59 5
82 59 4
86 59 5
88 59 4
90 59 5
93 59 5
94 59 3
95 59 5
96 59 5
97 59 4
99 59 5
100 59 3
101 59 5
104 59 3
105 59 5
107 59 3
108 59 3
109 59 5
111 59 5
112 59 4
115 59 4
116 59 4
117 59 4
118 59 5
119 59 4
120 59 5
121 59 3
122 59 5
123 59 3
124 59 5
2 60 5
8 60 4
10 60 5
15 60 4
18 60 4
26 60 4
29 60 4
38 60 5
40 60 4
48 60 4
53 60 4
58 60 3
59 60 3
61 60 5
64 60 4
66 60 3
67 60 3
68 60 3
72 60 4
73 60 4
74 60 4
77 60 3
81 60 3
87 60 4
88 60 3
90 60 5
112 60 4
2 61 4
8 61 3
10 61 3
36 61 3
52 61 3
61 61 3
67 61 3
68 61 3
71 61 3
73 61 5
74 61 3
82 61 3
83 61 4
86 61 5
88 61 3
92 61 3
93 61 3
96 61 3
98 61 3
99 61 3
101 61 3
102 61 3
109 61 3
110 61 3
111 61 4
112 61 3
113 61 2
114 61 4
115 61 4
117 61 3
2 62 5
6 62 4
8 62 4
20 62 5
26 62 3
29 62 4
30 62 4
32 62 4
34 62 4
42 62 4
48 62 4
53 62 3
55 62 4
56 62 5
57 62 4
62 62 4
64 62 3
66 62 4
67 62 4
68 62 3
71 62 5
73 62 4
77 62 2
81 62 4
82 62 4
84 62 5
86 62 4
87 62 5
110 62 4
123 62 4
2 63 5
6 63 5
9 63 5
10 63 4
12 63 5
20 63 4
22 63 3
29 63 5
34 63 4
35 63 5
39 63 5
42 63 4
46 63 5
55 63 5
56 63 3
57 63 5
67 63 4
68 63 3
71 63 4
73 63 4
74 63 5
82 63 5
83 63 3
84 63 1
88 63 3
93 63 4
94 63 5
95 63 4
99 63 5
100 63 3
102 63 3
104 63 3
105 63 4
108 63 3
110 63 4
111 63 5
112 63 5
113 63 3
115 63 3
116 63 2
117 63 4
118 63 4
123 63 3
124 63 5
2 64 3
9 64 1
10 64 3
15 64 5
46 64 5
54 64 4
55 64 2
72 64 3
73 64 4
90 64 5
98 64 3
99 64 1
100 64 3
104 64 3
105 64 5
109 64 3
111 64 4
112 64 5
115 64 5
116 64 4
117 64 4
121 64 4
2 65 4
10 65 2
23 65 5
28 65 3
29 65 3
42 65 3
56 65 3
67 65 3
73 65 3
110 65 3
2 66 4
3 66 3
73 66 3
95 66 4
98 66 3
99 66 3
108 66 3
109 66 4
110 66 4
111 66 5
117 66 3
2 67 5
20 67 3
36 67 4
40 67 3
42 67 4
48 67 3
51 67 3
53 67 4
54 67 4
61 67 4
63 67 4
66 67 4
67 67 4
68 67 5
71 67 3
73 67 4
77 67 4
82 67 4
83 67 3
84 67 3
87 67 5
93 67 4
95 67 4
99 67 3
100 67 2
101 67 4
102 67 5
103 67 5
104 67 3
105 67 3
107 67 3
108 67 4
109 67 4
110 67 3
111 67 5
113 67 3
114 67 3
115 67 3
117 67 3
119 67 3
120 67 5
121 67 3
122 67 4
123 67 4
124 67 3
3 68 4
8 68 4
10 68 3
14 68 4
20 68 3
22 68 3
33 68 3
40 68 3
47 68 5
49 68 5
53 68 3
55 68 3
60 68 3
67 68 3
68 68 3
71 68 3
72 68 5
73 68 4
77 68 5
82 68 5
88 68 3
96 68 5
97 68 4
98 68 4
99 68 3
101 68 4
102 68 4
108 68 3
110 68 4
111 68 5
113 68 5
115 68 5
117 68 3
121 68 3
123 68 5
3 69 4
12 69 5
14 69 4
22 69 3
35 69 5
47 69 4
53 69 3
55 69 4
60 69 4
66 69 3
68 69 3
71 69 3
73 69 4
77 69 4
82 69 5
90 69 3
113 69 5
115 69 4
123 69 4
3 70 5
5 70 3
9 70 5
10 70 4
20 70 4
35 70 5
42 70 4
51 70 3
56 70 3
63 70 4
64 70 1
66 70 5
67 70 3
68 70 3
73 70 4
87 70 5
93 70 3
95 70 5
99 70 4
100 70 3
101 70 5
103 70 5
107 70 5
110 70 5
111 70 4
113 70 4
115 70 4
118 70 1
119 70 2
3 71 4
5 71 3
6 71 5
9 71 4
14 71 4
15 71 3
19 71 3
20 71 3
22 71 5
29 71 4
31 71 5
33 71 3
36 71 4
40 71 3
42 71 3
47 71 3
48 71 4
49 71 4
51 71 3
53 71 4
55 71 3
56 71 3
57 71 4
60 71 4
61 71 3
64 71 3
66 71 3
67 71 4
68 71 3
71 71 2
73 71 2
74 71 5
76 71 3
77 71 1
79 71 2
80 71 4
83 71 4
87 71 4
88 71 3
97 71 3
103 71 4
108 71 4
110 71 4
123 71 3
3 72 5
8 72 4
10 72 3
22 72 3
28 72 4
47 72 3
51 72 3
53 72 4
55 72 5
57 72 5
60 72 2
66 72 3
68 72 2
71 72 1
73 72 3
77 72 5
82 72 4
87 72 2
92 72 3
93 72 2
95 72 5
96 72 5
97 72 3
98 72 5
99 72 4
100 72 2
101 72 5
102 72 4
103 72 5
106 72 5
107 72 5
108 72 4
110 72 5
111 72 4
113 72 4
115 72 4
120 72 5
123 72 4
3 73 5
5 73 3
7 73 4
8 73 5
10 73 4
15 73 5
19 73 5
20 73 3
22 73 4
24 73 4
26 73 4
28 73 4
31 73 5
48 73 3
49 73 5
53 73 3
54 73 4
55 73 4
57 73 4
58 73 5
60 73 3
64 73 5
65 73 4
66 73 4
67 73 3
68 73 3
70 73 5
72 73 3
73 73 4
76 73 5
77 73 4
81 73 3
83 73 5
84 73 3
87 73 4
88 73 3
94 73 3
95 73 3
96 73 4
97 73 3
98 73 3
99 73 4
101 73 5
102 73 5
103 73 3
104 73 5
107 73 4
108 73 4
109 73 3
111 73 4
113 73 4
114 73 3
115 73 4
116 73 5
117 73 3
119 73 4
120 73 5
122 73 3
123 73 4
124 73 4
3 74 5
35 74 5
36 74 4
39 74 4
42 74 3
43 74 4
47 74 2
51 74 5
53 74 3
55 74 5
57 74 4
67 74 3
68 74 3
72 74 4
73 74 5
80 74 4
83 74 4
88 74 4
92 74 3
95 74 5
98 74 4
99 74 5
102 74 4
103 74 4
106 74 5
107 74 4
108 74 4
110 74 5
113 74 4
115 74 4
117 74 4
120 74 4
121 74 4
123 74 3
124 74 1
3 75 5
20 75 3
29 75 2
53 75 3
54 75 4
55 75 3
92 75 3
98 75 4
99 75 4
102 75 4
107 75 5
108 75 3
110 75 5
113 75 4
114 75 3
117 75 3
123 75 4
3 76 4
14 76 5
72 76 4
80 76 5
95 76 5
98 76 4
99 76 4
102 76 3
103 76 5
107 76 5
108 76 5
3 77 5
22 77 3
51 77 3
107 77 5
3 78 4
22 78 4
101 78 4
110 78 4
121 78 4
3 79 3
10 79 4
12 79 4
15 79 5
20 79 2
22 79 3
28 79 5
30 79 3
40 79 3
43 79 3
49 79 3
52 79 3
53 79 3
54 79 3
59 79 3
64 79 3
66 79 4
68 79 4
72 79 4
73 79 4
74 79 5
77 79 2
82 79 3
86 79 4
88 79 3
90 79 5
92 79 4
94 79 4
95 79 3
96 79 3
97 79 4
98 79 3
99 79 2
101 79 4
102 79 3
103 79 3
104 79 4
105 79 4
108 79 3
110 79 2
111 79 4
113 79 1
115 79 5
116 79 3
117 79 3
118 79 4
119 79 3
121 79 4
122 79 5
3 80 5
2 81 4
3 81 5
7 81 3
9 81 5
10 81 4
11 81 4
14 81 5
19 81 4
24 81 4
29 81 4
31 81 4
34 81 3
77 81 5
106 81 5
120 81 5
123 81 3
3 82 3
49 82 5
53 82 4
54 82 4
60 82 2
68 82 3
71 82 3
72 82 3
73 82 3
88 82 4
96 82 3
97 82 5
99 82 2
101 82 3
102 82 3
111 82 4
115 82 5
117 82 4
118 82 4
119 82 4
121 82 4
122 82 5
3 83 5
107 83 4
3 84 5
22 84 5
30 84 3
31 84 3
35 84 5
51 84 5
53 84 5
54 84 4
60 84 4
67 84 3
72 84 4
73 84 3
80 84 3
88 84 3
95 84 5
98 84 5
99 84 4
101 84 5
102 84 4
103 84 5
107 84 5
108 84 5
110 84 5
113 84 5
114 84 5
118 84 2
119 84 3
120 84 5
123 84 5
3 85 5
3 86 5
18 86 5
30 86 5
120 86 5
3 87 4
8 87 5
9 87 5
10 87 4
12 87 2
18 87 5
23 87 5
25 87 3
26 87 4
29 87 4
31 87 4
34 87 4
36 87 5
37 87 3
42 87 4
43 87 4
44 87 5
45 87 3
46 87 3
48 87 5
52 87 5
53 87 1
54 87 5
55 87 3
57 87 4
59 87 3
60 87 4
64 87 4
66 87 5
67 87 3
71 87 5
72 87 5
73 87 4
75 87 3
76 87 4
77 87 4
79 87 5
80 87 4
81 87 4
84 87 4
86 87 5
88 87 4
90 87 5
110 87 4
123 87 4
3 88 1
6 88 3
7 88 5
8 88 1
10 88 3
15 88 3
19 88 3
20 88 3
24 88 3
25 88 1
28 88 3
32 88 4
33 88 3
40 88 4
44 88 3
48 88 3
49 88 3
50 88 3
53 88 5
55 88 3
56 88 3
57 88 3
58 88 4
60 88 3
64 88 1
66 88 3
67 88 3
71 88 3
72 88 3
74 88 4
80 88 3
81 88 4
82 88 4
83 88 5
84 88 4
87 88 4
88 88 3
90 88 5
108 88 3
123 88 3
3 89 4
2 90 5
3 90 3
5 90 3
7 90 4
8 90 3
9 90 4
10 90 3
12 90 5
13 90 5
14 90 4
15 90 5
16 90 5
17 90 5
20 90 4
21 90 5
24 90 5
25 90 5
27 90 3
28 90 5
29 90 4
30 90 5
32 90 4
34 90 4
36 90 5
38 90 5
40 90 5
41 90 3
42 90 4
44 90 3
45 90 5
46 90 5
47 90 5
48 90 3
49 90 5
50 90 5
52 90 4
53 90 5
54 90 5
55 90 5
56 90 5
57 90 4
58 90 5
59 90 4
60 90 3
63 90 3
64 90 5
65 90 3
67 90 5
70 90 3
71 90 3
72 90 4
73 90 5
74 90 5
75 90 4
77 90 4
78 90 3
79 90 5
80 90 4
81 90 3
82 90 4
83 90 5
85 90 5
86 90 3
87 90 5
88 90 5
89 90 5
90 90 5
97 90 3
103 90 4
113 90 4
115 90 5
123 90 4
3 91 4
8 91 4
53 91 3
55 91 3
87 91 3
113 91 4
123 91 2
3 92 5
2 93 3
3 93 1
4 93 5
7 93 3
8 93 3
9 93 3
10 93 3
11 93 3
12 93 3
13 93 4
15 93 3
17 93 4
19 93 2
20 93 2
21 93 3
22 93 3
24 93 4
25 93 3
26 93 3
28 93 2
30 93 3
32 93 4
33 93 3
35 93 4
36 93 3
37 93 3
38 93 4
39 93 4
40 93 3
44 93 3
45 93 3
46 93 3
48 93 2
49 93 5
50 93 3
52 93 3
53 93 4
54 93 3
55 93 3
56 93 3
57 93 3
60 93 2
61 93 5
63 93 3
64 93 3
65 93 1
66 93 1
67 93 3
69 93 3
70 93 3
72 93 3
73 93 3
74 93 5
75 93 4
76 93 2
77 93 3
79 93 3
80 93 3
81 93 3
83 93 3
84 93 3
85 93 4
86 93 5
88 93 4
89 93 4
90 93 3
91 93 5
97 93 3
108 93 3
113 93 1
3 94 4
113 94 4
3 95 2
8 95 3
9 95 4
10 95 4
12 95 3
18 95 3
25 95 5
26 95 3
29 95 3
33 95 3
40 95 4
53 95 3
59 95 3
61 95 3
67 95 3
73 95 4
77 95 3
84 95 3
86 95 5
90 95 4
3 96 1
9 96 3
29 96 3
73 96 3
113 96 3
123 96 2
2 97 4
3 97 1
4 97 2
7 97 2
8 97 2
12 97 3
17 97 3
24 97 4
25 97 5
27 97 4
29 97 3
32 97 3
33 97 3
38 97 2
40 97 3
53 97 3
58 97 4
59 97 4
60 97 3
61 97 4
64 97 3
66 97 3
67 97 3
72 97 2
73 97 5
77 97 1
81 97 3
84 97 3
90 97 4
118 97 3
3 98 5
3 99 5
47 99 4
55 99 5
113 99 5
3 100 5
36 100 3
51 100 5
3 101 4
22 101 3
26 101 4
53 101 3
3 102 5
8 102 5
9 102 5
10 102 4
15 102 5
29 102 4
31 102 5
33 102 5
47 102 5
55 102 3
56 102 5
57 102 4
60 102 3
65 102 3
66 102 4
83 102 3
110 102 5
113 102 5
123 102 4
3 103 4
9 103 4
10 103 3
15 103 3
20 103 3
22 103 4
26 103 4
29 103 1
30 103 4
31 103 5
35 103 4
42 103 3
51 103 3
53 103 3
56 103 4
57 103 3
66 103 4
67 103 4
73 103 3
77 103 3
83 103 3
84 103 3
87 103 4
108 103 4
110 103 4
3 104 5
8 104 3
53 104 3
123 104 4
3 105 4
9 105 5
23 105 3
29 105 4
51 105 4
53 105 4
55 105 3
67 105 3
71 105 3
73 105 5
77 105 4
110 105 3
3 106 5
6 106 4
9 106 4
10 106 3
12 106 4
14 106 5
15 106 3
18 106 3
22 106 2
29 106 3
31 106 5
48 106 3
53 106 4
55 106 3
56 106 4
57 106 4
66 106 3
67 106 3
77 106 4
87 106 2
97 106 4
106 106 4
110 106 3
120 106 4
123 106 2
3 107 5
8 107 5
22 107 5
29 107 5
53 107 3
55 107 3
56 107 5
57 107 4
82 107 3
106 107 5
108 107 4
110 107 4
113 107 5
3 108 5
53 108 3
55 108 3
73 108 3
3 109 5
12 109 1
15 109 4
29 109 2
36 109 3
51 109 3
55 109 3
57 109 4
73 109 3
110 109 5
113 109 3
3 110 4
22 110 5
53 110 2
123 110 3
3 111 1
22 111 2
29 111 1
38 111 4
90 111 2
3 112 4
5 112 3
7 112 5
8 112 5
12 112 5
14 112 4
15 112 3
17 112 4
19 112 5
20 112 1
21 112 5
25 112 5
27 112 3
28 112 5
29 112 4
30 112 1
32 112 5
33 112 5
37 112 4
42 112 3
43 112 4
44 112 3
46 112 3
47 112 3
48 112 4
49 112 3
50 112 5
53 112 5
54 112 4
55 112 3
58 112 5
60 112 3
64 112 2
65 112 4
66 112 4
67 112 4
70 112 3
71 112 3
73 112 4
75 112 5
76 112 4
77 112 5
79 112 3
81 112 3
82 112 3
83 112 5
86 112 4
88 112 3
92 112 3
97 112 5
103 112 5
113 112 4
115 112 5
120 112 5
123 112 5
3 113 5
5 113 3
6 113 5
11 113 5
14 113 5
20 113 4
22 113 3
24 113 5
29 113 3
30 113 5
34 113 3
35 113 4
43 113 5
45 113 5
47 113 5
48 113 5
51 113 3
53 113 5
55 113 4
56 113 5
58 113 5
60 113 3
65 113 3
66 113 4
67 113 4
68 113 3
73 113 1
76 113 5
77 113 5
80 113 4
83 113 5
84 113 3
87 113 5
88 113 3
91 113 3
97 113 2
108 113 5
110 113 4
113 113 4
115 113 3
123 113 5
3 114 1
3 115 2
10 115 3
12 115 1
17 115 3
25 115 1
28 115 3
39 115 5
42 115 3
43 115 2
53 115 2
56 115 1
67 115 2
86 115 4
97 115 2
106 115 3
115 115 4
3 116 5
5 116 3
22 116 1
29 116 3
53 116 2
108 116 5
110 116 4
113 116 4
3 117 5
9 117 5
10 117 4
14 117 4
22 117 3
29 117 3
36 117 4
42 117 3
51 117 2
57 117 4
66 117 4
72 117 5
73 117 3
77 117 5
80 117 3
82 117 2
83 117 4
87 117 5
108 117 5
110 117 5
3 118 3
3 119 5
9 119 5
10 119 4
16 119 5
20 119 3
22 119 3
29 119 2
34 119 4
35 119 5
42 119 3
51 119 5
55 119 3
67 119 4
82 119 1
108 119 5
110 119 5
113 119 5
123 119 3
3 120 4
55 120 2
3 121 3
4 121 3
5 121 3
7 121 2
8 121 3
10 121 5
14 121 3
17 121 4
22 121 1
24 121 3
25 121 1
27 121 3
28 121 4
29 121 3
30 121 1
32 121 3
33 121 4
34 121 2
36 121 4
37 121 3
38 121 5
47 121 3
49 121 2
53 121 3
54 121 4
55 121 5
58 121 5
60 121 1
61 121 3
64 121 2
65 121 2
66 121 4
67 121 2
70 121 3
73 121 2
75 121 1
77 121 3
78 121 3
82 121 4
83 121 3
84 121 3
85 121 4
86 121 3
88 121 3
3 122 5
4 122 5
8 122 5
10 122 3
12 122 1
18 122 3
20 122 3
25 122 3
30 122 3
33 122 3
38 122 5
40 122 4
49 122 5
53 122 3
60 122 3
67 122 3
71 122 3
73 122 3
83 122 5
92 122 3
103 122 3
123 122 4
2 123 3
3 123 5
4 123 5
5 123 3
7 123 3
8 123 5
9 123 5
10 123 5
11 123 4
12 123 1
13 123 4
14 123 5
15 123 4
17 123 4
19 123 5
20 123 1
21 123 3
22 123 4
23 123 4
25 123 3
26 123 3
27 123 3
28 123 3
29 123 5
31 123 4
32 123 4
33 123 5
35 123 3
36 123 5
37 123 4
38 123 5
40 123 4
42 123 3
43 123 5
46 123 4
47 123 5
48 123 4
49 123 5
50 123 3
51 123 3
52 123 2
53 123 5
54 123 4
55 123 5
56 123 3
57 123 4
58 123 5
59 123 3
60 123 5
63 123 1
64 123 4
65 123 3
66 123 4
67 123 4
69 123 5
70 123 3
71 123 2
72 123 3
73 123 2
74 123 4
75 123 1
76 123 5
77 123 5
78 123 4
79 123 2
80 123 5
82 123 4
83 123 5
84 123 3
85 123 4
86 123 3
87 123 4
88 123 3
89 123 5
90 123 2
91 123 5
92 123 5
103 123 5
106 123 5
108 123 5
110 123 4
113 123 5
120 123 5
123 123 4
3 124 5
110 124 5
3 125 1
15 125 4
18 125 3
30 125 3
38 125 5
40 125 3
60 125 4
71 125 1
73 125 3
3 126 5
9 126 5
110 126 4
3 127 5
9 127 5
3 128 5
9 128 5
3 129 1
4 129 1
9 129 3
73 129 1
3 130 4
9 130 5
20 130 4
22 130 3
26 130 4
72 130 4
73 130 5
108 130 4
124 130 4
2 131 5
3 131 4
4 131 5
5 131 4
7 131 3
8 131 5
9 131 5
11 131 3
13 131 5
14 131 4
15 131 4
18 131 4
19 131 4
20 131 5
21 131 5
22 131 5
24 131 4
26 131 5
28 131 3
29 131 4
30 131 4
32 131 4
33 131 4
34 131 5
35 131 5
36 131 5
38 131 5
40 131 4
42 131 4
46 131 5
47 131 5
48 131 5
49 131 5
50 131 5
51 131 3
52 131 5
53 131 5
54 131 5
55 131 5
56 131 5
57 131 4
58 131 5
60 131 3
64 131 5
65 131 4
67 131 5
69 131 4
70 131 3
72 131 5
73 131 5
75 131 5
76 131 4
77 131 5
78 131 4
79 131 3
80 131 3
82 131 5
83 131 5
85 131 5
86 131 4
87 131 5
88 131 4
89 131 4
90 131 3
97 131 1
106 131 5
108 131 5
110 131 5
113 131 5
115 131 5
120 131 5
123 131 5
3 132 4
8 132 5
55 132 3
60 132 3
110 132 4
3 133 5
4 133 5
9 133 5
12 133 5
19 133 3
22 133 5
23 133 4
25 133 3
26 133 4
28 133 5
31 133 4
35 133 3
38 133 3
43 133 4
53 133 5
56 133 3
58 133 3
64 133 3
66 133 5
73 133 5
77 133 5
82 133 4
83 133 5
84 133 4
87 133 3
106 133 5
108 133 3
123 133 2
3 134 5
3 135 5
20 135 3
22 135 3
90 135 5
105 135 4
112 135 4
116 135 3
117 135 5
119 135 3
121 135 1
4 136 4
8 136 3
12 136 5
15 136 4
20 136 3
22 136 3
23 136 4
24 136 3
25 136 5
26 136 3
27 136 5
29 136 3
30 136 4
32 136 4
36 136 4
37 136 3
38 136 3
39 136 5
40 136 3
41 136 4
46 136 3
47 136 3
48 136 2
49 136 4
50 136 5
51 136 2
52 136 3
53 136 3
57 136 2
59 136 3
60 136 3
63 136 3
64 136 3
66 136 3
67 136 3
68 136 4
70 136 1
71 136 2
72 136 3
73 136 3
74 136 4
78 136 4
81 136 4
84 136 3
85 136 4
86 136 4
87 136 3
88 136 3
90 136 3
91 136 4
93 136 4
97 136 4
110 136 3
123 136 3
4 137 4
10 137 4
12 137 5
20 137 3
33 137 3
86 137 5
97 137 2
4 138 4
8 138 3
12 138 3
29 138 2
55 138 3
71 138 3
110 138 3
4 139 4
8 139 3
12 139 3
15 139 3
18 139 3
23 139 4
35 139 5
38 139 3
39 139 4
40 139 3
71 139 2
72 139 3
73 139 4
92 139 3
115 139 4
4 140 5
8 140 3
9 140 5
12 140 1
17 140 3
20 140 3
30 140 2
33 140 3
40 140 5
47 140 3
49 140 4
53 140 3
55 140 3
56 140 1
60 140 4
71 140 2
73 140 3
77 140 1
82 140 4
120 140 5
123 140 3
4 141 3
9 141 3
2 142 3
4 142 5
6 142 3
7 142 2
8 142 4
9 142 1
11 142 3
12 142 2
13 142 4
14 142 1
15 142 4
17 142 3
18 142 1
19 142 3
21 142 5
23 142 2
24 142 3
25 142 2
28 142 3
29 142 2
32 142 5
33 142 3
40 142 3
41 142 1
43 142 3
46 142 5
47 142 2
48 142 4
49 142 3
50 142 4
53 142 2
54 142 3
55 142 3
59 142 3
61 142 3
64 142 3
66 142 1
67 142 2
69 142 5
70 142 1
73 142 3
75 142 1
76 142 3
77 142 1
78 142 3
81 142 4
83 142 5
84 142 3
86 142 3
87 142 2
88 142 3
89 142 4
90 142 4
91 142 3
106 142 4
112 142 4
2 143 3
4 143 5
7 143 3
8 143 5
9 143 4
10 143 2
11 143 2
12 143 1
13 143 4
14 143 3
15 143 5
17 143 3
18 143 1
19 143 3
20 143 2
21 143 5
22 143 3
23 143 4
24 143 3
25 143 1
28 143 2
29 143 2
30 143 3
31 143 4
32 143 5
33 143 4
34 143 3
36 143 3
37 143 3
38 143 3
40 143 4
43 143 4
45 143 2
46 143 2
47 143 3
49 143 3
50 143 2
52 143 3
53 143 2
54 143 3
55 143 2
57 143 2
58 143 2
61 143 3
64 143 3
67 143 2
69 143 5
70 143 1
71 143 3
72 143 3
73 143 3
74 143 3
75 143 1
76 143 3
77 143 3
79 143 2
80 143 3
81 143 3
82 143 3
83 143 1
84 143 5
85 143 4
86 143 4
88 143 3
89 143 4
90 143 5
91 143 4
93 143 3
97 143 3
112 143 5
4 144 3
8 144 2
12 144 3
15 144 4
18 144 2
30 144 1
72 144 2
86 144 3
90 144 4
123 144 2
4 145 4
12 145 2
16 145 3
71 145 1
73 145 3
4 146 2
8 146 2
9 146 3
10 146 4
12 146 3
15 146 4
18 146 3
24 146 3
25 146 3
31 146 4
34 146 2
36 146 3
40 146 3
56 146 2
57 146 2
64 146 1
71 146 2
72 146 2
73 146 3
77 146 1
81 146 3
82 146 2
83 146 3
84 146 3
86 146 5
90 146 3
110 146 3
4 147 2
8 147 3
10 147 3
12 147 3
16 147 1
20 147 3
22 147 3
25 147 4
30 147 3
32 147 3
40 147 3
42 147 3
60 147 2
71 147 2
72 147 3
73 147 3
77 147 2
83 147 2
84 147 2
90 147 4
97 147 3
4 148 3
12 148 3
15 148 4
18 148 3
30 148 3
31 148 4
39 148 4
71 148 2
73 148 5
83 148 3
90 148 5
110 148 2
2 149 4
4 149 4
7 149 4
8 149 3
10 149 5
12 149 4
13 149 4
16 149 1
17 149 4
19 149 5
23 149 3
24 149 4
25 149 3
29 149 3
30 149 4
31 149 3
32 149 3
33 149 3
34 149 3
36 149 3
38 149 4
40 149 4
41 149 1
44 149 3
47 149 2
48 149 5
49 149 4
53 149 3
54 149 4
55 149 3
56 149 1
58 149 5
61 149 3
63 149 3
64 149 1
65 149 2
66 149 3
67 149 4
72 149 3
73 149 3
75 149 1
77 149 5
78 149 4
79 149 3
80 149 3
81 149 4
82 149 3
83 149 2
84 149 5
85 149 4
86 149 4
87 149 5
88 149 3
90 149 5
97 149 3
4 150 3
30 150 3
86 150 4
123 150 3
4 151 2
40 151 3
86 151 5
4 152 5
8 152 5
12 152 5
15 152 4
18 152 3
32 152 3
40 152 3
46 152 5
47 152 4
60 152 3
67 152 3
72 152 2
73 152 5
83 152 5
84 152 4
90 152 5
112 152 5
4 153 4
8 153 4
14 153 4
23 153 3
34 153 3
49 153 4
53 153 3
55 153 4
56 153 2
65 153 3
66 153 3
67 153 2
82 153 4
83 153 3
115 153 5
120 153 5
123 153 4
5 154 3
9 154 4
73 154 3
123 154 2
6 155 4
15 155 3
36 155 4
56 155 3
66 155 3
72 155 3
73 155 3
83 155 5
87 155 3
106 155 4
110 155 4
2 156 3
5 156 3
7 156 3
9 156 3
10 156 4
12 156 3
13 156 4
14 156 4
15 156 3
18 156 3
19 156 3
20 156 3
21 156 2
22 156 4
25 156 3
30 156 3
31 156 4
32 156 3
36 156 3
38 156 3
39 156 4
45 156 2
52 156 1
53 156 4
54 156 3
55 156 3
56 156 3
57 156 2
59 156 3
60 156 3
61 156 3
63 156 3
64 156 3
67 156 3
72 156 3
73 156 3
75 156 2
77 156 3
80 156 3
84 156 3
86 156 4
88 156 4
90 156 3
108 156 3
8 157 4
9 157 2
10 157 1
12 157 3
15 157 4
25 157 3
28 157 1
30 157 2
32 157 5
36 157 3
40 157 4
53 157 2
54 157 3
61 157 3
64 157 2
67 157 2
72 157 2
73 157 2
76 157 3
77 157 1
79 157 2
81 157 4
82 157 2
83 157 1
88 157 3
90 157 5
97 157 3
112 157 4
8 158 3
9 158 4
10 158 3
12 158 3
14 158 2
15 158 4
17 158 3
20 158 3
24 158 5
25 158 4
32 158 3
33 158 2
39 158 3
40 158 3
49 158 4
53 158 3
55 158 2
59 158 4
60 158 2
72 158 3
77 158 1
83 158 2
86 158 3
90 158 3
97 158 1
8 159 2
9 159 4
10 159 2
12 159 1
15 159 3
20 159 1
22 159 3
33 159 3
39 159 5
42 159 3
53 159 3
59 159 4
60 159 2
66 159 2
67 159 3
71 159 1
90 159 5
97 159 3
8 160 3
9 160 1
12 160 5
15 160 4
29 160 3
46 160 5
55 160 2
73 160 4
77 160 3
83 160 3
90 160 5
105 160 4
8 161 4
9 161 5
12 161 5
14 161 4
16 161 1
29 161 3
47 161 3
53 161 3
77 161 5
113 161 3
8 162 5
12 162 5
29 162 4
35 162 5
53 162 3
67 162 3
74 162 5
77 162 4
83 162 5
115 162 4
123 162 3
8 163 5
10 163 4
15 163 4
22 163 3
39 163 5
40 163 3
49 163 5
54 163 4
60 163 4
68 163 3
72 163 3
73 163 4
92 163 4
97 163 3
98 163 3
99 163 3
101 163 5
111 163 3
113 163 3
115 163 3
116 163 3
117 163 5
119 163 3
121 163 5
123 163 2
124 163 1
8 164 4
123 164 3
5 165 3
8 165 5
9 165 3
12 165 5
15 165 4
16 165 3
18 165 5
19 165 5
20 165 3
22 165 4
24 165 5
25 165 4
26 165 5
29 165 4
30 165 5
31 165 4
32 165 4
33 165 4
34 165 4
36 165 5
37 165 4
38 165 4
40 165 5
41 165 4
42 165 4
43 165 4
44 165 4
45 165 4
46 165 5
47 165 5
48 165 3
49 165 5
50 165 5
51 165 2
52 165 3
53 165 5
54 165 4
55 165 4
56 165 5
57 165 4
58 165 5
60 165 3
61 165 3
62 165 5
64 165 4
65 165 4
66 165 3
67 165 4
69 165 4
70 165 4
71 165 4
72 165 3
73 165 5
74 165 5
75 165 5
76 165 4
77 165 3
78 165 4
79 165 5
80 165 4
81 165 4
82 165 3
83 165 5
84 165 5
85 165 5
86 165 5
87 165 4
88 165 4
89 165 3
90 165 3
92 165 4
97 165 5
101 165 4
103 165 4
110 165 4
123 165 5
8 166 3
9 166 3
10 166 3
12 166 4
15 166 4
73 166 3
90 166 5
5 167 4
8 167 5
10 167 5
12 167 3
14 167 5
16 167 4
17 167 5
18 167 3
19 167 5
20 167 3
21 167 5
22 167 3
23 167 5
24 167 5
25 167 4
27 167 3
28 167 4
29 167 5
30 167 4
31 167 5
32 167 5
33 167 4
34 167 5
36 167 4
37 167 4
38 167 4
40 167 5
41 167 5
42 167 4
43 167 5
44 167 3
47 167 5
48 167 4
49 167 3
50 167 5
51 167 2
52 167 4
53 167 5
54 167 4
55 167 4
56 167 3
57 167 5
58 167 5
60 167 4
61 167 4
62 167 4
64 167 3
65 167 3
66 167 5
67 167 5
69 167 5
71 167 3
73 167 4
75 167 3
77 167 5
92 167 5
97 167 4
101 167 5
106 167 5
108 167 5
110 167 5
120 167 5
123 167 4
8 168 3
12 168 3
22 168 4
40 168 5
47 168 3
49 168 2
53 168 3
55 168 3
60 168 2
77 168 4
113 168 3
123 168 5
8 169 4
9 169 5
10 169 4
12 169 5
17 169 3
18 169 4
20 169 4
22 169 3
23 169 4
24 169 5
25 169 5
26 169 4
29 169 4
30 169 3
31 169 5
32 169 5
33 169 4
34 169 3
36 169 4
38 169 4
40 169 5
42 169 3
43 169 4
46 169 5
47 169 3
48 169 5
52 169 3
53 169 4
54 169 4
55 169 3
56 169 2
57 169 5
58 169 4
59 169 3
61 169 4
64 169 4
66 169 3
67 169 4
70 169 2
72 169 4
73 169 5
74 169 5
75 169 5
77 169 5
79 169 3
80 169 3
81 169 4
83 169 4
86 169 5
87 169 2
88 169 4
90 169 4
92 169 4
112 169 5
123 169 4
8 170 4
10 170 4
12 170 2
90 170 5
123 170 2
5 171 3
8 171 4
9 171 4
10 171 4
12 171 3
14 171 3
16 171 4
17 171 4
18 171 3
19 171 3
24 171 5
25 171 5
26 171 4
27 171 4
29 171 4
30 171 4
32 171 3
33 171 4
34 171 3
36 171 4
37 171 4
38 171 4
40 171 3
42 171 3
44 171 3
45 171 2
46 171 5
47 171 3
48 171 4
50 171 4
52 171 3
53 171 3
54 171 4
55 171 3
56 171 4
57 171 3
58 171 4
61 171 4
62 171 5
65 171 3
66 171 3
67 171 3
71 171 5
72 171 3
73 171 4
74 171 5
75 171 5
78 171 3
79 171 4
81 171 3
82 171 3
83 171 3
84 171 5
85 171 3
86 171 4
87 171 5
88 171 3
90 171 3
97 171 3
106 171 4
110 171 4
113 171 2
115 171 5
8 172 2
15 172 3
29 172 1
72 172 2
8 173 3
9 173 4
10 173 3
12 173 4
14 173 4
15 173 5
17 173 3
18 173 3
20 173 3
22 173 3
23 173 4
24 173 4
25 173 3
28 173 1
29 173 2
30 173 2
31 173 4
32 173 3
34 173 3
36 173 3
38 173 4
40 173 4
42 173 3
43 173 4
45 173 3
47 173 1
48 173 3
51 173 3
53 173 5
54 173 3
55 173 3
56 173 2
58 173 3
59 173 4
60 173 1
61 173 4
64 173 3
65 173 3
66 173 3
67 173 3
70 173 1
71 173 3
72 173 3
73 173 4
74 173 3
75 173 5
76 173 3
77 173 1
79 173 2
80 173 4
83 173 4
86 173 5
87 173 4
88 173 4
90 173 4
97 173 5
120 173 3
8 174 3
12 174 4
73 174 4
123 174 3
8 175 3
9 175 3
14 175 4
17 175 4
23 175 3
28 175 5
29 175 2
31 175 5
34 175 4
35 175 4
36 175 3
42 175 4
51 175 3
53 175 1
56 175 2
57 175 3
58 175 2
62 175 3
66 175 3
72 175 4
73 175 3
76 175 4
77 175 4
83 175 2
87 175 4
106 175 4
110 175 5
113 175 4
8 176 3
54 176 3
92 176 3
96 176 2
99 176 3
105 176 4
109 176 4
111 176 3
113 176 3
115 176 5
117 176 5
122 176 3
8 177 2
10 177 4
12 177 3
15 177 4
17 177 4
18 177 3
20 177 2
25 177 5
29 177 3
30 177 3
31 177 3
36 177 3
38 177 4
39 177 4
40 177 4
49 177 3
53 177 3
55 177 3
58 177 3
60 177 3
66 177 3
67 177 3
72 177 3
84 177 3
86 177 5
87 177 4
90 177 3
92 177 4
97 177 3
8 178 2
9 178 3
10 178 3
73 178 3
8 179 2
9 179 3
12 179 1
15 179 4
18 179 3
25 179 3
29 179 3
46 179 4
56 179 3
57 179 3
60 179 3
66 179 3
67 179 3
77 179 1
110 179 3
8 180 3
9 180 3
12 180 5
14 180 5
15 180 3
23 180 3
29 180 2
36 180 3
38 180 5
39 180 5
40 180 4
49 180 5
55 180 3
67 180 3
71 180 2
73 180 4
77 180 3
82 180 3
83 180 3
87 180 2
108 180 3
123 180 2
8 181 4
29 181 2
31 181 4
73 181 2
110 181 2
8 182 2
12 182 3
15 182 3
18 182 3
29 182 3
40 182 3
52 182 2
55 182 3
56 182 3
57 182 3
59 182 3
61 182 3
71 182 2
72 182 3
73 182 4
77 182 1
86 182 5
90 182 3
8 183 3
32 183 4
8 184 2
12 184 3
15 184 3
20 184 2
22 184 3
28 184 3
30 184 3
31 184 3
33 184 3
38 184 5
51 184 4
56 184 3
59 184 4
67 184 4
72 184 3
73 184 3
74 184 4
83 184 3
86 184 5
87 184 4
90 184 3
97 184 4
9 185 4
20 185 3
29 185 4
35 185 4
38 185 4
55 185 3
67 185 3
71 185 3
73 185 3
83 185 4
90 185 4
110 185 3
113 185 4
115 185 5
123 185 2
9 186 3
12 186 2
15 186 3
20 186 3
38 186 5
39 186 4
40 186 3
49 186 4
60 186 2
64 186 1
67 186 2
77 186 1
82 186 1
83 186 2
90 186 4
9 187 1
10 187 3
12 187 3
14 187 4
17 187 3
20 187 4
42 187 3
51 187 5
55 187 3
56 187 2
66 187 1
67 187 3
72 187 3
73 187 3
77 187 5
90 187 4
9 188 5
18 188 3
20 188 3
25 188 5
30 188 3
52 188 3
56 188 3
83 188 3
87 188 4
108 188 4
9 189 4
10 189 5
12 189 3
15 189 4
20 189 1
29 189 1
49 189 2
72 189 4
73 189 1
83 189 4
108 189 3
9 190 4
10 190 5
20 190 3
22 190 3
30 190 3
40 190 4
55 190 3
60 190 3
67 190 3
68 190 4
72 190 4
86 190 5
9 191 4
20 191 3
72 191 3
86 191 5
105 191 3
115 191 3
9 192 4
12 192 5
15 192 4
18 192 4
20 192 3
25 192 5
26 192 3
29 192 3
31 192 4
33 192 3
34 192 3
36 192 4
42 192 4
43 192 4
48 192 3
51 192 2
53 192 4
55 192 3
56 192 3
57 192 4
59 192 3
61 192 3
62 192 4
66 192 3
67 192 4
73 192 4
74 192 4
77 192 3
82 192 4
83 192 4
84 192 4
108 192 4
110 192 4
113 192 3
123 192 4
9 193 3
10 193 3
26 193 3
59 193 3
67 193 4
68 193 3
72 193 3
73 193 5
77 193 4
83 193 4
86 193 5
123 193 2
9 194 3
10 194 3
12 194 3
18 194 4
20 194 3
22 194 3
29 194 4
30 194 3
34 194 3
40 194 1
53 194 4
55 194 3
56 194 4
57 194 3
66 194 3
67 194 4
72 194 4
77 194 5
83 194 5
87 194 1
90 194 4
110 194 3
120 194 4
9 195 5
12 195 5
14 195 3
16 195 3
18 195 4
20 195 3
25 195 5
26 195 3
29 195 4
30 195 4
33 195 3
34 195 4
38 195 4
42 195 3
47 195 3
52 195 3
53 195 3
56 195 4
57 195 3
58 195 3
61 195 4
62 195 3
66 195 3
67 195 3
71 195 4
72 195 3
73 195 5
74 195 4
77 195 3
83 195 4
84 195 4
86 195 4
106 195 3
110 195 4
115 195 5
9 196 4
29 196 2
73 196 4
90 196 3
110 196 3
9 197 3
29 197 2
35 197 5
42 197 3
51 197 5
57 197 3
67 197 4
73 197 4
80 197 3
88 197 4
110 197 4
113 197 4
123 197 4
9 198 4
20 198 4
51 198 3
67 198 4
73 198 4
88 198 3
108 198 4
9 199 3
15 199 4
18 199 3
20 199 4
22 199 3
26 199 4
28 199 4
29 199 4
39 199 3
52 199 3
54 199 3
56 199 4
92 199 4
99 199 4
101 199 3
102 199 3
106 199 5
108 199 3
111 199 4
113 199 4
115 199 4
117 199 3
119 199 2
122 199 5
9 200 3
73 200 4
9 201 4
16 201 5
18 201 3
29 201 4
30 201 3
35 201 3
53 201 3
55 201 3
61 201 3
71 201 4
73 201 3
77 201 3
83 201 4
110 201 3
113 201 4
9 202 5
12 202 5
28 202 3
30 202 3
67 202 5
72 202 3
73 202 4
90 202 3
110 202 3
9 203 4
73 203 4
86 203 5
105 203 4
109 203 4
112 203 3
117 203 3
118 203 3
9 204 3
22 204 2
28 204 4
29 204 2
38 204 5
50 204 4
55 204 3
60 204 4
71 204 1
73 204 3
90 204 5
103 204 3
9 205 4
18 205 3
26 205 5
30 205 5
38 205 5
53 205 3
67 205 4
72 205 3
73 205 3
77 205 1
83 205 5
86 205 5
90 205 3
9 206 5
31 206 5
40 206 3
55 206 3
9 207 5
107 207 5
9 208 3
9 209 3
59 209 2
73 209 3
9 210 4
9 211 5
107 211 3
10 212 4
12 212 3
22 212 3
23 212 3
26 212 3
35 212 5
38 212 4
40 212 3
42 212 3
52 212 3
67 212 4
71 212 4
73 212 5
83 212 5
86 212 5
90 212 3
110 212 3
115 212 4
123 212 3
10 213 3
20 213 4
29 213 3
51 213 3
54 213 4
67 213 3
72 213 4
73 213 4
83 213 5
87 213 3
98 213 4
99 213 3
101 213 5
107 213 3
108 213 4
109 213 3
110 213 3
113 213 3
115 213 5
117 213 3
119 213 3
124 213 4
10 214 3
12 214 5
123 214 2
10 215 3
16 215 5
73 215 3
10 216 3
73 216 3
10 217 5
12 217 1
10 218 4
55 218 3
72 218 3
73 218 4
96 218 2
97 218 2
115 218 5
117 218 5
10 219 3
73 219 4
105 219 1
10 220 3
10 221 5
55 221 3
73 221 3
90 221 4
10 222 3
73 222 3
10 223 3
10 224 3
10 225 3
10 226 4
10 227 4
78 227 3
105 227 3
120 227 4
10 228 3
10 229 3
10 230 3
96 230 5
105 230 3
109 230 4
115 230 5
117 230 3
10 231 3
12 231 4
29 231 3
53 231 3
71 231 3
73 231 3
10 232 4
22 232 3
53 232 5
55 232 4
88 232 4
94 232 3
95 232 4
98 232 4
99 232 5
103 232 4
107 232 5
110 232 4
113 232 3
115 232 3
117 232 3
123 232 4
10 233 4
12 233 1
39 233 3
52 233 3
59 233 1
73 233 3
77 233 1
90 233 3
110 233 3
10 234 3
16 234 3
22 234 4
51 234 3
55 234 3
10 235 4
12 235 3
20 235 1
40 235 1
73 235 3
10 236 4
12 236 4
15 236 4
54 236 3
68 236 3
73 236 4
90 236 4
98 236 3
99 236 2
104 236 3
110 236 1
111 236 3
112 236 4
113 236 2
115 236 4
116 236 3
117 236 4
119 236 3
12 237 2
15 237 4
25 237 4
71 237 2
72 237 3
77 237 3
90 237 5
97 237 2
12 238 1
18 238 3
40 238 3
55 238 2
71 238 2
73 238 3
12 239 5
15 239 4
20 239 2
30 239 3
40 239 4
68 239 1
72 239 3
73 239 4
12 240 3
30 240 4
51 240 3
71 240 3
12 241 3
18 241 2
72 241 1
73 241 3
86 241 5
90 241 5
12 242 3
90 242 3
12 243 1
18 243 3
26 243 3
73 243 3
90 243 3
12 244 1
15 244 3
72 244 2
90 244 5
12 245 4
18 245 3
22 245 4
29 245 4
30 245 3
31 245 5
50 245 5
53 245 4
65 245 4
77 245 5
108 245 3
120 245 3
123 245 3
12 246 4
40 246 3
68 246 3
73 246 4
5 247 4
14 247 5
15 247 5
16 247 5
18 247 4
20 247 4
22 247 4
23 247 5
25 247 5
26 247 5
27 247 5
28 247 4
29 247 5
30 247 5
32 247 5
33 247 5
34 247 5
35 247 5
36 247 4
37 247 3
38 247 4
39 247 4
40 247 5
41 247 5
42 247 4
43 247 4
44 247 4
45 247 4
46 247 5
47 247 3
48 247 3
49 247 5
52 247 4
53 247 3
54 247 5
55 247 5
56 247 3
57 247 5
58 247 5
59 247 3
61 247 5
62 247 5
63 247 5
64 247 3
65 247 4
66 247 3
67 247 4
69 247 4
70 247 2
71 247 5
72 247 4
73 247 5
74 247 5
75 247 4
76 247 4
77 247 4
78 247 4
79 247 5
81 247 4
82 247 4
83 247 4
84 247 3
85 247 3
86 247 5
87 247 5
88 247 5
89 247 4
90 247 5
91 247 3
106 247 5
110 247 5
112 247 5
113 247 3
123 247 3
5 248 3
14 248 4
15 248 5
16 248 3
18 248 4
20 248 5
22 248 5
23 248 4
25 248 5
26 248 5
29 248 3
30 248 3
31 248 5
32 248 4
33 248 4
34 248 3
36 248 5
38 248 4
39 248 4
40 248 5
43 248 3
44 248 3
47 248 3
49 248 5
50 248 5
53 248 5
54 248 5
55 248 3
57 248 4
58 248 3
59 248 3
60 248 3
61 248 3
63 248 3
64 248 4
65 248 3
66 248 5
67 248 4
70 248 5
72 248 4
73 248 3
74 248 3
75 248 3
77 248 3
78 248 3
79 248 4
80 248 3
81 248 3
83 248 4
84 248 4
85 248 4
86 248 5
88 248 5
90 248 4
92 248 5
97 248 5
103 248 4
118 248 3
123 248 4
15 249 4
22 249 4
25 249 5
36 249 4
39 249 5
49 249 5
52 249 3
54 249 5
56 249 2
57 249 4
61 249 4
67 249 2
68 249 5
72 249 3
73 249 5
74 249 4
77 249 3
83 249 3
84 249 5
87 249 4
88 249 4
90 249 5
92 249 3
93 249 4
94 249 5
95 249 3
97 249 3
98 249 4
99 249 4
100 249 2
101 249 3
103 249 3
104 249 4
105 249 4
106 249 5
108 249 3
109 249 3
110 249 3
111 249 5
112 249 4
113 249 5
114 249 3
115 249 5
116 249 4
117 249 4
118 249 5
119 249 3
121 249 2
122 249 4
123 249 4
5 250 3
15 250 5
18 250 4
20 250 3
23 250 5
25 250 5
26 250 3
28 250 3
29 250 3
30 250 3
33 250 3
34 250 4
36 250 4
38 250 3
39 250 5
40 250 3
42 250 4
43 250 4
44 250 5
48 250 4
49 250 4
50 250 4
52 250 4
53 250 4
54 250 5
55 250 3
56 250 3
57 250 5
58 250 4
59 250 3
60 250 3
61 250 3
62 250 3
63 250 3
64 250 3
65 250 3
66 250 3
67 250 3
70 250 3
71 250 3
72 250 4
73 250 5
74 250 5
75 250 5
76 250 4
77 250 2
79 250 2
81 250 4
82 250 3
83 250 5
86 250 3
87 250 4
88 250 4
90 250 5
91 250 5
92 250 5
93 250 5
97 250 5
103 250 3
110 250 4
123 250 5
15 251 4
18 251 4
20 251 3
25 251 5
26 251 4
29 251 3
30 251 4
33 251 4
36 251 3
38 251 5
42 251 3
43 251 4
49 251 5
53 251 5
55 251 3
57 251 3
58 251 4
60 251 3
62 251 4
65 251 3
67 251 3
71 251 4
72 251 3
73 251 4
74 251 5
76 251 4
80 251 4
82 251 3
83 251 5
84 251 4
92 251 3
97 251 4
101 251 3
110 251 4
123 251 4
5 252 3
14 252 3
15 252 5
16 252 4
18 252 3
20 252 3
22 252 4
23 252 3
25 252 5
26 252 4
27 252 5
28 252 3
29 252 5
30 252 5
31 252 4
32 252 5
33 252 3
34 252 3
36 252 3
38 252 4
40 252 5
42 252 4
43 252 3
44 252 4
45 252 3
46 252 4
47 252 3
48 252 4
49 252 5
52 252 3
53 252 4
54 252 4
55 252 3
56 252 3
57 252 4
58 252 4
59 252 4
60 252 2
61 252 4
62 252 4
63 252 4
64 252 4
65 252 3
66 252 4
67 252 4
70 252 4
71 252 5
72 252 5
73 252 5
74 252 5
75 252 3
77 252 4
78 252 3
79 252 4
81 252 4
83 252 4
84 252 5
85 252 5
86 252 4
87 252 4
88 252 5
89 252 4
90 252 4
91 252 4
92 252 4
97 252 4
103 252 5
110 252 3
112 252 5
15 253 1
47 253 2
60 253 2
68 253 1
97 253 2
15 254 3
73 254 3
117 254 4
15 255 3
18 255 3
20 255 3
22 255 3
39 255 3
40 255 3
50 255 3
55 255 2
56 255 3
59 255 2
60 255 2
67 255 3
71 255 3
72 255 3
73 255 3
84 255 3
90 255 4
97 255 4
120 255 5
14 256 4
15 256 4
16 256 1
20 256 4
23 256 4
26 256 4
29 256 3
30 256 4
31 256 5
34 256 4
36 256 4
38 256 3
42 256 4
48 256 5
53 256 4
55 256 4
56 256 5
57 256 4
63 256 5
64 256 1
66 256 4
67 256 3
71 256 1
72 256 3
73 256 3
76 256 4
77 256 3
80 256 2
81 256 3
83 256 3
87 256 3
88 256 4
106 256 4
108 256 3
110 256 4
113 256 3
123 256 4
5 257 3
14 257 3
15 257 5
16 257 2
18 257 4
20 257 3
22 257 3
23 257 3
25 257 5
26 257 3
29 257 4
31 257 4
33 257 4
34 257 3
36 257 4
38 257 3
40 257 5
42 257 4
48 257 2
52 257 4
53 257 4
54 257 4
55 257 3
56 257 3
57 257 4
58 257 3
59 257 3
61 257 4
62 257 3
63 257 4
64 257 3
66 257 3
67 257 4
71 257 3
72 257 3
73 257 5
74 257 3
75 257 4
77 257 2
79 257 3
81 257 3
83 257 3
86 257 5
87 257 4
88 257 4
90 257 5
92 257 5
110 257 4
120 257 4
15 258 2
16 258 3
18 258 2
22 258 3
32 258 3
38 258 4
50 258 3
55 258 3
57 258 3
71 258 3
72 258 3
73 258 4
84 258 3
90 258 5
97 258 3
112 258 5
15 259 3
18 259 3
15 260 4
18 260 3
20 260 4
22 260 3
23 260 3
25 260 5
26 260 4
28 260 4
29 260 3
30 260 5
31 260 3
33 260 3
34 260 4
36 260 4
40 260 5
42 260 4
48 260 3
51 260 2
52 260 4
53 260 3
56 260 3
57 260 4
58 260 3
61 260 3
62 260 4
65 260 3
66 260 3
67 260 4
71 260 4
72 260 4
73 260 3
74 260 5
76 260 3
77 260 3
79 260 4
81 260 4
82 260 4
83 260 5
84 260 5
86 260 3
87 260 4
88 260 4
90 260 3
108 260 4
110 260 4
15 261 3
20 261 3
31 261 3
38 261 3
39 261 5
40 261 2
50 261 3
59 261 4
66 261 1
67 261 3
71 261 1
72 261 3
73 261 3
77 261 1
83 261 3
84 261 5
86 261 5
90 261 3
97 261 3
15 262 3
18 262 3
30 262 3
38 262 3
40 262 1
71 262 3
72 262 3
73 262 4
110 262 3
16 263 5
22 263 3
26 263 3
36 263 3
53 263 5
55 263 3
60 263 3
66 263 3
68 263 3
71 263 3
73 263 3
110 263 4
16 264 2
80 264 4
110 264 5
14 265 5
16 265 5
18 265 5
20 265 5
23 265 4
28 265 3
29 265 5
34 265 5
35 265 5
36 265 4
39 265 3
42 265 4
43 265 5
47 265 4
48 265 5
53 265 5
55 265 3
56 265 5
57 265 5
58 265 5
59 265 2
63 265 5
65 265 4
66 265 5
67 265 5
73 265 3
76 265 5
77 265 5
79 265 3
80 265 5
82 265 3
83 265 5
84 265 3
87 265 5
88 265 5
92 265 4
106 265 5
108 265 4
110 265 5
113 265 5
123 265 5
16 266 4
18 266 3
20 266 2
22 266 4
26 266 3
29 266 4
30 266 3
38 266 5
40 266 3
42 266 3
50 266 4
52 266 3
53 266 2
56 266 4
57 266 2
59 266 4
66 266 3
67 266 4
71 266 3
72 266 3
73 266 5
83 266 4
84 266 4
87 266 4
90 266 5
97 266 3
110 266 3
16 267 3
123 267 4
16 268 3
18 268 3
29 268 2
40 268 3
73 268 3
83 268 3
86 268 5
90 268 3
16 269 5
18 269 3
55 269 3
71 269 2
72 269 3
73 269 4
90 269 5
16 270 3
30 270 3
38 270 4
71 270 3
73 270 3
97 270 3
110 270 3
18 271 4
31 271 4
67 271 3
73 271 5
86 271 5
90 271 3
18 272 3
20 272 3
23 272 5
25 272 3
26 272 3
28 272 3
29 272 3
30 272 3
31 272 4
34 272 4
36 272 3
38 272 4
40 272 3
42 272 3
48 272 3
52 272 4
53 272 2
55 272 3
56 272 2
57 272 4
58 272 4
59 272 4
61 272 3
62 272 4
63 272 3
64 272 2
66 272 3
67 272 3
71 272 4
72 272 3
73 272 4
74 272 4
76 272 3
79 272 3
80 272 3
81 272 4
82 272 3
83 272 5
84 272 4
86 272 5
87 272 3
88 272 4
92 272 4
110 272 3
18 273 4
22 273 3
26 273 4
38 273 5
67 273 3
73 273 3
80 273 4
90 273 4
106 273 3
18 274 4
25 274 5
28 274 3
29 274 5
30 274 5
35 274 5
36 274 4
38 274 3
42 274 3
43 274 4
53 274 3
56 274 3
57 274 4
66 274 5
67 274 3
72 274 4
73 274 4
77 274 5
82 274 3
83 274 5
84 274 3
97 274 3
106 274 4
110 274 4
113 274 5
123 274 3
18 275 4
20 275 4
22 275 2
23 275 3
25 275 5
26 275 4
29 275 4
31 275 3
34 275 5
35 275 3
36 275 3
38 275 5
40 275 4
42 275 3
48 275 3
51 275 2
52 275 4
53 275 4
55 275 3
58 275 4
61 275 3
62 275 5
63 275 3
64 275 3
66 275 3
67 275 4
71 275 5
72 275 3
73 275 5
74 275 5
77 275 3
79 275 3
81 275 4
83 275 4
84 275 5
86 275 5
87 275 3
88 275 5
92 275 5
97 275 4
106 275 5
110 275 3
113 275 3
5 276 2
14 276 3
18 276 4
23 276 3
25 276 4
26 276 3
28 276 3
29 276 4
30 276 1
31 276 1
33 276 4
36 276 3
38 276 2
39 276 3
40 276 4
48 276 3
52 276 3
53 276 1
55 276 3
56 276 3
57 276 3
58 276 3
59 276 3
60 276 3
61 276 3
62 276 3
63 276 3
64 276 3
66 276 3
67 276 4
77 276 3
92 276 4
97 276 3
106 276 3
110 276 3
18 277 4
20 277 5
22 277 4
30 277 4
31 277 5
51 277 4
56 277 5
66 277 4
67 277 4
73 277 3
82 277 3
83 277 5
87 277 4
108 277 5
113 277 3
123 277 4
18 278 3
59 278 3
71 278 2
73 278 3
86 278 5
90 278 3
18 279 3
73 279 3
123 279 2
18 280 2
22 280 3
31 280 4
38 280 4
39 280 5
56 280 3
59 280 3
71 280 2
72 280 2
73 280 2
77 280 1
90 280 4
97 280 3
112 280 5
18 281 4
20 281 3
22 281 3
26 281 4
30 281 5
38 281 4
40 281 3
51 281 4
52 281 3
57 281 4
66 281 4
67 281 4
72 281 3
73 281 4
77 281 5
80 281 5
83 281 5
86 281 5
90 281 3
18 282 3
68 282 3
73 282 3
86 282 5
123 282 2
18 283 3
18 284 3
73 284 3
86 284 5
18 285 3
73 285 4
18 286 3
28 286 3
29 286 3
59 286 1
71 286 3
72 286 1
73 286 3
77 286 2
83 286 2
90 286 3
18 287 3
31 287 4
38 287 3
60 287 4
72 287 3
73 287 3
86 287 4
110 287 3
18 288 1
22 288 1
38 288 4
59 288 4
71 288 2
72 288 2
86 288 5
90 288 3
18 289 3
38 289 3
59 289 3
72 289 1
73 289 3
86 289 5
90 289 3
18 290 3
26 290 3
30 290 3
55 290 3
73 290 4
74 290 3
108 290 4
110 290 3
123 290 3
18 291 4
22 291 3
26 291 5
59 291 3
67 291 4
71 291 3
72 291 3
73 291 3
77 291 5
80 291 5
83 291 4
86 291 5
90 291 3
120 291 5
18 292 3
71 292 2
73 292 4
86 292 4
90 292 5
18 293 3
73 293 4
113 293 4
123 293 3
18 294 3
73 294 3
18 295 3
73 295 3
18 296 3
73 296 4
18 297 3
20 297 4
73 297 3
18 298 4
20 299 4
28 299 3
29 299 3
30 299 4
46 299 4
51 299 3
54 299 3
67 299 4
68 299 4
71 299 3
73 299 4
83 299 5
86 299 5
87 299 4
88 299 3
93 299 4
95 299 4
98 299 3
99 299 3
101 299 3
102 299 3
104 299 2
107 299 4
108 299 4
110 299 3
112 299 4
115 299 3
117 299 3
118 299 3
119 299 3
124 299 4
20 300 3
29 300 5
30 300 5
36 300 4
39 300 5
40 300 4
46 300 5
49 300 5
53 300 4
54 300 3
56 300 4
57 300 3
59 300 5
60 300 3
61 300 3
66 300 4
67 300 3
72 300 3
77 300 4
81 300 4
83 300 5
84 300 5
85 300 4
86 300 5
87 300 4
88 300 3
93 300 5
94 300 4
95 300 3
96 300 3
97 300 3
98 300 4
99 300 3
100 300 3
101 300 4
102 300 4
103 300 3
104 300 3
105 300 3
108 300 3
109 300 4
111 300 3
112 300 5
113 300 3
114 300 3
115 300 5
117 300 4
118 300 4
119 300 3
120 300 3
121 300 3
122 300 3
124 300 4
20 301 4
28 301 3
29 301 3
30 301 4
55 301 3
65 301 3
67 301 3
72 301 4
73 301 3
90 301 5
110 301 4
20 302 3
49 302 3
67 302 3
72 302 3
88 302 3
90 302 5
97 302 3
99 302 2
102 302 3
104 302 4
108 302 3
109 302 4
111 302 4
112 302 3
114 302 3
115 302 4
116 302 4
117 302 4
119 302 3
20 303 1
51 303 2
53 303 3
113 303 5
20 304 3
67 304 4
73 304 4
88 304 3
115 304 3
123 304 4
20 305 3
22 305 3
29 305 2
55 305 4
67 305 4
77 305 5
83 305 5
123 305 4
22 306 2
30 306 2
22 307 2
29 307 3
83 307 3
97 307 2
22 308 3
55 308 3
73 308 3
110 308 3
22 309 2
26 309 3
73 309 3
110 309 5
123 309 2
22 310 3
73 310 3
115 310 3
123 310 2
22 311 3
53 311 3
55 311 3
22 312 2
30 312 1
51 312 3
53 312 1
55 312 3
22 313 3
43 313 3
53 313 5
106 313 4
22 314 3
36 314 3
60 314 3
77 314 5
110 314 3
22 315 3
28 315 3
29 315 3
30 315 3
33 315 1
38 315 4
40 315 3
51 315 3
55 315 3
71 315 3
73 315 3
77 315 3
83 315 3
20 316 3
22 316 3
68 316 4
71 316 3
97 316 3
98 316 3
103 316 4
115 316 3
118 316 1
120 316 5
20 317 4
32 317 4
40 317 5
47 317 4
49 317 5
50 317 5
52 317 3
53 317 4
55 317 3
60 317 3
66 317 3
67 317 3
72 317 4
77 317 3
93 317 5
95 317 3
96 317 4
97 317 4
98 317 4
99 317 3
101 317 3
102 317 4
104 317 5
106 317 2
108 317 4
109 317 5
110 317 4
111 317 5
113 317 2
114 317 4
115 317 5
117 317 5
118 317 3
119 317 3
121 317 5
122 317 4
123 317 4
124 317 4
25 318 4
28 318 4
29 318 3
55 318 3
60 318 3
71 318 3
73 318 4
83 318 4
92 318 3
110 318 4
26 319 4
67 319 4
68 319 2
26 320 4
73 320 3
26 321 3
73 321 3
26 322 3
71 322 3
73 322 3
110 322 3
28 323 3
29 323 2
35 323 3
51 323 1
73 323 3
110 323 3
28 324 3
29 324 4
53 324 3
28 325 1
54 325 3
93 325 5
96 325 3
99 325 1
102 325 3
104 325 1
105 325 3
108 325 3
111 325 3
112 325 5
115 325 3
117 325 3
120 325 4
20 326 4
22 326 5
51 326 3
107 326 3
112 326 4
29 327 3
30 327 4
53 327 3
65 327 3
67 327 3
72 327 5
83 327 5
90 327 4
106 327 3
108 327 4
113 327 5
123 327 4
22 328 3
29 328 2
35 328 5
67 328 3
80 328 3
110 328 4
29 329 3
71 329 1
73 329 2
115 329 5
29 330 2
31 330 4
67 330 3
68 330 1
69 330 3
72 330 5
86 330 5
95 330 5
98 330 4
99 330 5
100 330 3
101 330 4
104 330 3
105 330 3
108 330 3
117 330 3
119 330 3
120 330 5
121 330 3
29 331 3
38 331 4
71 331 3
73 331 3
86 331 5
90 331 3
29 332 3
36 332 3
40 332 3
71 332 3
72 332 3
73 332 3
29 333 3
73 333 4
86 333 5
123 333 2
30 334 3
31 334 5
36 334 4
38 334 3
83 334 4
87 334 4
108 334 5
30 335 1
49 335 3
73 335 2
90 335 3
30 336 3
49 336 3
71 336 3
97 336 2
30 337 3
72 337 3
97 337 1
30 338 5
67 338 4
72 338 5
112 338 4
30 339 3
31 339 3
73 339 3
30 340 2
71 340 3
32 341 4
73 341 3
113 341 4
20 342 3
22 342 3
32 342 4
53 342 4
54 342 4
60 342 3
67 342 3
72 342 4
78 342 3
88 342 3
92 342 5
95 342 4
96 342 3
97 342 3
98 342 3
99 342 3
101 342 3
102 342 3
103 342 4
104 342 5
105 342 4
108 342 3
109 342 4
111 342 3
113 342 3
115 342 5
116 342 4
117 342 5
119 342 4
121 342 2
122 342 4
124 342 3
31 343 4
35 343 4
67 343 4
72 343 4
73 343 5
86 343 5
93 343 4
95 343 4
96 343 4
109 343 4
112 343 5
114 343 3
117 343 3
122 343 3
31 344 1
97 344 1
105 344 3
112 344 4
114 344 3
115 344 3
117 344 3
119 344 3
121 344 1
31 345 5
53 345 3
63 345 5
73 345 3
20 346 3
53 346 3
88 346 3
89 346 1
90 346 3
104 346 1
105 346 1
108 346 4
117 346 4
120 346 5
33 347 3
35 347 5
55 347 4
61 347 5
67 347 3
73 347 4
98 347 4
100 347 3
101 347 3
105 347 5
108 347 4
109 347 4
110 347 4
111 347 4
113 347 3
114 347 4
115 347 5
117 347 4
118 347 5
119 347 3
120 347 4
124 347 4
20 348 3
22 348 3
40 348 5
49 348 5
50 348 4
53 348 4
54 348 5
55 348 3
57 348 5
60 348 2
61 348 4
65 348 3
66 348 3
67 348 3
68 348 5
72 348 5
73 348 5
81 348 5
82 348 4
83 348 5
84 348 3
85 348 5
87 348 3
89 348 4
90 348 5
92 348 5
93 348 4
94 348 5
95 348 3
96 348 4
97 348 3
98 348 4
99 348 4
100 348 3
101 348 3
102 348 4
103 348 4
104 348 4
105 348 3
106 348 5
107 348 3
108 348 3
109 348 5
111 348 5
112 348 5
113 348 3
114 348 2
115 348 5
116 348 4
117 348 5
118 348 5
120 348 4
121 348 3
122 348 5
124 348 4
36 349 4
51 349 4
53 349 3
55 349 3
80 349 5
113 349 5
120 349 5
36 350 4
53 350 5
67 350 3
72 350 5
73 350 4
77 350 5
80 350 5
83 350 5
110 350 4
120 350 4
20 351 5
53 351 3
67 351 3
68 351 4
73 351 4
110 351 4
113 351 5
117 351 5
118 351 4
123 351 2
124 351 4
22 352 3
40 352 4
49 352 3
53 352 3
71 352 2
72 352 3
90 352 3
40 353 4
61 353 4
71 353 3
73 353 4
108 353 3
115 353 5
118 353 2
40 354 1
49 354 3
72 354 2
73 354 3
97 354 2
40 355 4
55 355 3
71 355 4
73 355 3
40 356 2
73 356 3
40 357 3
55 357 3
67 357 3
86 357 5
88 357 3
90 357 5
92 357 3
93 357 2
97 357 3
99 357 2
100 357 2
101 357 1
104 357 3
105 357 5
106 357 4
108 357 1
109 357 4
110 357 3
111 357 4
115 357 4
116 357 3
117 357 5
118 357 4
119 357 3
43 358 3
53 358 3
55 358 3
101 358 3
106 358 4
43 359 3
14 360 5
14 361 3
20 361 3
53 361 3
71 361 3
73 361 3
108 361 4
110 361 3
115 361 3
117 361 3
47 362 4
51 362 3
53 362 3
120 362 5
123 362 3
47 363 5
55 363 4
67 363 3
96 363 4
115 363 4
117 363 2
123 363 3
47 364 3
47 365 3
107 365 4
120 365 3
47 366 3
110 366 4
47 367 1
71 367 2
73 367 3
86 367 5
33 368 5
47 368 3
54 368 4
61 368 3
67 368 3
68 368 5
73 368 5
83 368 3
86 368 5
88 368 3
90 368 4
94 368 3
96 368 4
99 368 3
102 368 3
103 368 3
105 368 3
108 368 3
109 368 3
115 368 4
117 368 4
121 368 3
49 369 5
68 369 3
71 369 4
73 369 5
97 369 3
98 369 4
113 369 3
118 369 5
124 369 5
22 370 2
5 371 3
5 372 3
73 372 4
20 373 5
22 373 4
51 373 4
53 373 5
72 373 5
97 373 5
103 373 5
104 373 5
107 373 5
108 373 5
109 373 5
110 373 4
111 373 5
112 373 5
113 373 5
114 373 5
115 373 5
116 373 4
117 373 4
118 373 3
119 373 4
120 373 4
121 373 5
122 373 4
123 373 4
124 373 5
51 374 3
123 374 4
51 375 3
86 375 5
87 375 3
110 375 3
20 376 3
51 376 3
71 376 2
73 376 1
92 376 3
98 376 3
109 376 5
113 376 2
51 377 3
110 377 4
51 378 5
51 379 2
108 379 5
110 379 3
123 379 3
51 380 3
55 380 3
68 380 2
71 380 3
72 380 3
73 380 3
90 380 4
99 380 1
104 380 4
105 380 3
109 380 3
112 380 4
115 380 4
117 380 4
121 380 2
124 380 4
20 381 3
22 382 3
53 382 2
53 383 3
55 383 4
67 383 4
68 383 4
97 383 4
98 383 4
101 383 5
102 383 4
107 383 3
110 383 4
111 383 5
113 383 4
115 383 4
117 383 5
119 383 3
121 383 4
122 383 4
53 384 4
113 384 5
120 384 5
53 385 3
55 385 3
73 385 4
110 385 4
53 386 4
53 387 4
67 387 3
120 387 5
123 387 2
53 388 2
86 388 5
98 388 3
120 388 5
53 389 3
55 390 3
72 390 2
73 390 3
83 390 5
90 390 3
54 391 4
55 391 3
68 391 5
98 391 4
121 391 4
55 392 3
110 392 3
55 393 4
54 394 3
55 394 3
92 394 3
96 394 3
100 394 3
104 394 3
105 394 4
107 394 3
111 394 2
114 394 3
115 394 3
117 394 4
55 395 3
59 395 3
67 395 3
87 395 2
97 395 2
55 396 3
97 396 3
22 397 3
55 397 3
59 397 1
55 398 3
55 399 3
123 399 2
55 400 3
123 400 2
20 401 3
55 401 3
67 401 3
73 401 4
92 401 3
93 401 4
98 401 3
101 401 4
105 401 4
108 401 4
110 401 3
113 401 5
114 401 2
115 401 4
117 401 3
118 401 4
119 401 3
121 401 4
55 402 4
110 402 3
113 402 3
55 403 3
59 404 1
86 404 5
59 405 3
59 406 3
120 406 4
22 407 3
59 407 3
67 407 4
123 407 3
22 408 3
65 408 3
67 408 3
92 408 5
93 408 5
108 408 5
110 408 3
118 408 4
123 408 5
22 409 3
22 410 4
67 410 4
108 410 4
110 410 5
120 410 5
123 410 4
22 411 4
67 411 3
110 411 3
22 412 3
123 412 2
22 413 3
67 413 4
110 413 4
22 414 3
123 414 3
22 415 4
108 415 3
120 415 5
123 415 2
22 416 3
123 416 3
22 417 2
22 418 2
22 419 3
80 419 5
110 419 4
113 419 4
22 420 2
110 420 4
22 421 2
110 421 3
22 422 2
110 422 3
22 423 3
22 424 3
110 424 3
22 425 3
67 425 4
110 425 5
67 426 4
73 426 2
88 426 3
92 426 3
95 426 3
100 426 3
104 426 2
105 426 4
108 426 3
109 426 3
110 426 3
111 426 4
115 426 3
116 426 4
117 426 3
119 426 3
123 426 2
67 427 3
73 427 3
105 427 4
112 427 4
114 427 3
117 427 5
67 428 4
73 428 3
105 428 4
108 428 3
117 428 4
119 428 3
123 428 4
67 429 3
73 429 4
67 430 3
73 430 4
67 431 3
67 432 3
78 432 3
86 432 5
96 432 3
105 432 2
120 432 4
67 433 3
117 433 5
67 434 3
105 434 3
116 434 3
117 434 4
67 435 3
73 435 3
67 436 3
68 436 3
108 436 2
116 436 4
117 436 4
119 436 3
121 436 3
54 437 3
67 437 3
68 437 4
73 437 1
88 437 3
92 437 3
97 437 2
98 437 3
99 437 3
101 437 3
103 437 2
110 437 1
111 437 3
115 437 5
117 437 5
67 438 3
73 438 3
97 438 2
98 438 3
105 438 3
108 438 3
116 438 4
117 438 4
67 439 3
73 439 3
105 439 4
22 440 4
69 440 4
71 440 3
72 440 3
73 440 3
74 440 2
83 440 5
86 440 5
88 440 4
90 440 5
93 440 4
95 440 3
96 440 4
98 440 4
99 440 5
100 440 3
101 440 4
102 440 3
104 440 3
105 440 4
107 440 4
108 440 5
109 440 3
110 440 4
114 440 2
115 440 5
116 440 3
117 440 3
118 440 3
119 440 3
120 440 5
122 440 5
123 440 3
124 440 4
68 441 3
73 441 3
74 441 5
115 441 5
68 442 3
71 442 4
73 442 4
92 442 5
117 442 4
68 443 3
73 443 3
88 443 3
98 443 4
99 443 3
100 443 3
102 443 3
103 443 3
108 443 3
109 443 4
110 443 4
111 443 5
113 443 4
115 443 5
117 443 3
122 443 5
123 443 4
68 444 3
73 444 5
123 444 2
68 445 3
73 445 3
109 445 5
117 445 4
68 446 3
98 446 3
117 446 3
22 447 3
54 447 4
69 447 5
101 447 4
110 447 4
119 447 4
20 448 5
22 448 4
97 448 4
123 448 2
20 449 3
20 450 3
73 450 5
110 450 4
117 450 3
71 451 4
73 451 3
86 451 5
96 451 4
98 451 4
99 451 2
102 451 3
109 451 2
113 451 2
115 451 4
117 451 4
71 452 3
73 452 4
86 452 5
105 452 4
112 452 3
114 452 3
71 453 2
123 453 3
71 454 3
73 454 3
71 455 3
73 455 4
110 455 3
71 456 3
73 456 3
71 457 3
73 457 3
86 457 5
92 457 5
106 457 4
108 457 4
123 457 3
72 458 2
73 458 3
92 458 3
115 458 5
117 458 3
121 458 3
73 459 3
54 460 3
73 460 3
104 460 1
109 460 2
111 460 4
115 460 3
116 460 3
117 460 5
119 460 3
121 460 3
73 461 4
72 462 3
73 462 3
100 462 3
115 462 4
117 462 3
121 462 3
73 463 3
73 464 4
86 464 5
104 464 3
115 464 4
117 464 3
73 465 1
73 466 3
73 467 4
73 468 1
86 468 5
105 468 4
110 468 1
73 469 3
110 469 3
113 469 3
73 470 3
107 470 5
110 470 3
117 470 3
73 471 4
95 471 5
110 471 5
123 471 4
73 472 4
73 473 3
103 473 3
73 474 3
73 475 3
73 476 3
73 477 4
88 477 3
98 477 4
113 477 3
73 478 3
73 479 3
105 479 3
117 479 5
121 479 3
73 480 2
112 480 5
117 480 5
73 481 3
94 481 4
98 481 3
108 481 3
109 481 4
117 481 3
73 482 3
73 483 3
73 484 3
94 484 2
97 484 3
117 484 4
73 485 3
73 486 4
73 487 4
73 488 3
117 488 3
118 488 4
120 488 5
73 489 4
73 490 3
73 491 3
105 491 3
117 491 3
123 491 2
73 492 3
73 493 3
98 493 4
105 493 4
112 493 4
117 493 3
118 493 4
73 494 3
117 494 5
121 494 3
54 495 3
73 495 3
110 495 4
73 496 3
73 497 3
73 498 4
73 499 4
108 499 3
117 499 3
73 500 3
117 500 3
73 501 3
73 502 3
22 503 3
73 503 2
73 504 3
73 505 3
20 506 3
73 506 3
94 506 5
110 506 3
112 506 5
113 506 3
117 506 5
123 506 2
73 507 3
73 508 4
117 508 3
118 508 3
73 509 4
86 509 5
73 510 4
74 510 4
117 510 4
73 511 5
97 511 4
117 511 5
73 512 3
73 513 4
54 514 4
69 514 5
73 514 4
108 514 4
117 514 4
123 514 3
20 515 4
22 515 5
93 515 2
105 515 5
110 515 3
113 515 5
120 515 3
123 515 4
78 516 3
94 516 5
107 516 5
78 517 3
88 517 3
107 517 5
78 518 4
78 519 3
78 520 3
94 520 5
100 520 4
101 520 4
78 521 4
78 522 3
94 522 5
78 523 3
117 523 4
121 523 2
78 524 3
107 524 4
123 524 4
78 525 3
78 526 4
20 527 3
22 527 4
72 527 4
85 527 5
86 527 5
89 527 5
90 527 5
93 527 4
94 527 5
95 527 4
97 527 4
99 527 4
100 527 3
101 527 3
102 527 5
107 527 4
108 527 4
111 527 5
115 527 3
116 527 5
117 527 4
118 527 5
119 527 5
122 527 4
123 527 4
124 527 5
86 528 5
86 529 5
90 529 4
105 529 3
109 529 3
112 529 3
117 529 3
86 530 5
94 530 5
117 530 4
22 531 5
87 531 4
97 531 5
120 531 5
123 531 4
22 532 4
89 532 3
110 532 4
123 532 3
22 533 4
89 533 4
110 533 4
123 533 4
89 534 5
123 534 5
89 535 4
110 535 3
89 536 3
89 537 4
110 537 3
89 538 5
90 539 5
105 539 4
116 539 3
20 540 3
90 540 3
96 540 4
105 540 3
108 540 3
109 540 5
110 540 3
112 540 4
114 540 4
117 540 3
120 540 5
93 541 5
107 541 5
110 541 4
123 541 3
93 542 5
93 543 5
100 543 3
117 543 4
20 544 4
72 544 3
93 544 5
108 544 5
112 544 5
116 544 5
120 544 5
121 544 2
124 544 2
93 545 4
107 545 3
22 546 4
93 546 3
97 546 5
110 546 4
120 546 5
123 546 3
22 547 5
93 547 4
97 547 5
108 547 4
110 547 4
112 547 5
120 547 4
123 547 4
22 548 4
93 548 5
97 548 5
108 548 5
110 548 4
113 548 4
120 548 4
123 548 4
22 549 5
93 549 4
97 549 5
103 549 5
108 549 5
110 549 4
120 549 5
123 549 5
22 550 4
93 550 3
97 550 5
110 550 4
123 550 5
22 551 4
93 551 4
97 551 4
118 551 4
123 551 3
93 552 5
97 552 3
108 552 5
110 552 4
93 553 4
97 553 3
110 553 3
120 553 5
123 553 5
22 554 3
93 554 5
97 554 5
123 554 2
93 555 2
93 556 3
97 556 4
110 556 4
22 557 4
93 557 3
97 557 3
110 557 4
113 557 3
120 557 5
123 557 3
22 558 4
93 558 4
97 558 5
110 558 3
112 558 5
113 558 4
120 558 5
123 558 5
22 559 3
93 559 5
110 559 4
120 559 4
123 559 2
22 560 4
93 560 5
93 561 4
97 561 3
110 561 4
113 561 3
123 561 3
94 562 5
22 563 3
94 563 5
107 563 3
94 564 5
117 564 3
94 565 5
94 566 5
96 566 3
97 566 4
105 566 4
117 566 5
123 566 3
95 567 5
110 567 5
113 567 5
120 567 5
123 567 2
96 568 3
97 568 3
99 568 1
109 568 3
115 568 5
116 568 3
117 568 5
121 568 5
96 569 5
108 569 4
109 569 4
115 569 5
117 569 4
96 570 4
97 570 4
109 570 5
111 570 5
115 570 4
117 570 5
119 570 3
122 570 5
124 570 3
96 571 3
117 571 3
96 572 3
98 572 3
107 572 3
113 572 3
120 572 5
123 572 2
20 573 3
105 573 4
20 574 2
97 575 3
105 575 3
123 575 4
22 576 3
97 576 2
106 576 4
110 576 3
113 576 3
123 576 4
22 577 3
97 577 3
110 577 4
118 577 5
22 578 4
72 578 4
97 578 3
110 578 4
112 578 5
113 578 5
114 578 5
115 578 5
117 578 4
118 578 3
119 578 4
120 578 5
121 578 5
122 578 3
123 578 5
124 578 5
22 579 5
97 579 5
110 579 3
113 579 4
120 579 5
123 579 5
97 580 3
22 581 4
97 581 4
110 581 4
113 581 5
97 582 4
22 583 3
97 583 3
118 583 4
123 583 5
97 584 5
110 584 5
113 584 5
123 584 5
20 585 3
97 585 4
97 586 4
113 586 4
97 587 3
97 588 3
22 589 3
97 589 5
110 589 4
113 589 5
120 589 4
97 590 1
110 590 4
120 590 5
22 591 3
97 591 4
120 591 5
123 591 4
20 592 3
97 592 5
110 592 3
123 592 3
20 593 3
97 593 5
110 593 4
22 594 5
97 594 4
110 594 5
22 595 2
97 595 4
97 596 5
123 596 3
22 597 5
97 597 5
123 597 3
22 598 4
97 598 3
110 598 3
120 598 5
123 598 3
22 599 4
97 599 3
97 600 3
110 600 4
22 601 4
97 601 4
110 601 5
113 601 5
120 601 5
123 601 5
22 602 3
97 602 5
123 602 3
20 603 3
72 603 3
97 603 4
113 603 2
117 603 4
119 603 4
20 604 2
22 604 3
110 604 3
20 605 3
20 606 2
20 607 3
54 608 3
72 608 3
117 608 3
54 609 3
107 609 4
93 610 1
105 610 5
109 610 4
117 610 5
121 610 4
93 611 3
105 611 2
108 611 4
109 611 5
110 611 4
113 611 3
115 611 5
117 611 4
119 611 4
121 611 4
123 611 3
124 611 3
93 612 4
121 612 1
93 613 3
22 614 4
72 614 4
97 614 3
107 614 4
108 614 3
113 614 5
123 614 5
125 614 4
100 615 3
100 616 3
105 616 4
108 616 4
22 617 5
103 617 5
110 617 4
114 617 5
117 617 3
119 617 3
120 617 5
122 617 5
123 617 5
22 618 4
103 618 5
123 618 5
105 619 4
117 619 5
119 619 4
121 619 3
105 620 4
117 620 5
72 621 3
105 621 4
108 621 4
116 621 3
117 621 4
121 621 5
123 621 2
105 622 4
105 623 3
117 623 3
105 624 4
117 624 3
105 625 3
107 625 4
105 626 2
109 626 3
117 626 3
105 627 3
106 628 1
110 628 3
22 629 3
106 629 3
110 629 3
123 629 3
107 630 5
123 630 4
107 631 4
123 631 2
107 632 5
123 632 5
107 633 5
123 633 5
107 634 4
107 635 4
109 635 4
123 635 4
107 636 4
123 636 5
107 637 4
107 638 4
110 638 4
123 638 3
126 638 2
107 639 4
107 640 5
107 641 3
107 642 3
107 643 4
107 644 5
123 644 3
107 645 4
107 646 4
107 647 5
107 648 2
108 649 4
113 649 3
108 650 4
108 651 2
109 651 5
117 651 5
123 651 3
125 651 2
126 651 4
108 652 3
117 652 5
123 652 3
125 652 2
108 653 3
108 654 4
108 655 4
108 656 5
110 656 4
120 656 5
108 657 4
110 657 4
108 658 4
108 659 3
123 659 4
109 660 3
117 660 3
109 661 4
116 661 3
109 662 3
110 663 5
110 664 3
110 665 4
110 666 4
110 667 3
123 667 2
110 668 4
110 669 3
110 670 3
110 671 4
113 671 5
123 671 4
110 672 3
110 673 4
123 673 5
22 674 5
110 674 3
113 674 5
123 674 5
110 675 5
110 676 4
110 677 4
123 677 3
110 678 4
113 678 3
110 679 4
110 680 4
123 680 4
110 681 4
110 682 4
113 682 3
120 682 5
123 682 4
110 683 5
120 683 4
22 684 4
110 684 4
22 685 4
110 685 4
113 685 5
110 686 4
110 687 4
110 688 4
110 689 4
123 689 4
110 690 5
113 690 5
22 691 3
110 691 5
113 691 4
123 691 4
110 692 5
110 693 5
110 694 4
110 695 4
110 696 4
110 697 3
123 697 4
110 698 5
113 698 3
110 699 4
110 700 5
113 700 4
22 701 4
110 701 4
123 701 5
110 702 3
110 703 5
123 703 4
110 704 4
110 705 5
120 705 5
22 706 4
110 706 4
123 706 3
22 707 4
110 707 4
123 707 4
110 708 4
22 709 4
110 709 4
120 709 4
110 710 5
110 711 4
110 712 4
113 712 5
22 713 3
110 713 5
110 714 4
110 715 3
110 716 4
113 717 3
126 717 4
22 718 5
113 718 5
123 718 5
113 719 4
113 720 5
123 720 3
22 721 3
113 721 4
110 722 3
113 722 4
123 722 3
110 723 3
113 723 4
22 724 3
113 724 4
22 725 5
113 725 4
123 725 2
113 726 4
121 726 4
110 727 5
110 728 5
110 729 4
110 730 4
110 731 4
110 732 4
110 733 4
22 734 3
110 734 4
123 734 5
110 735 4
110 736 3
110 737 3
110 738 3
110 739 4
110 740 3
110 741 4
22 742 5
110 742 4
110 743 4
110 744 4
22 745 4
110 745 3
22 746 4
110 746 3
123 746 3
110 747 3
110 748 3
123 748 3
110 749 4
110 750 3
123 750 4
110 751 4
110 752 3
22 753 3
110 753 4
110 754 4
110 755 3
22 756 2
110 756 3
110 757 3
22 758 3
110 758 3
110 759 3
110 760 3
110 761 3
110 762 3
110 763 3
110 764 3
110 765 3
123 765 2
110 766 3
110 767 3
110 768 3
110 769 3
110 770 3
110 771 3
22 772 3
110 772 3
110 773 3
110 774 3
110 775 3
72 776 3
116 776 4
117 776 4
119 776 3
121 776 3
124 776 3
116 777 3
117 777 3
117 778 5
117 779 4
117 780 4
117 781 4
117 782 5
124 782 4
125 782 2
126 782 3
117 783 5
121 783 5
117 784 5
117 785 4
123 785 2
117 786 4
123 786 2
117 787 5
117 788 4
22 789 3
72 789 3
118 789 3
121 789 1
124 789 3
119 790 3
121 790 4
22 791 4
120 791 5
123 791 3
22 792 4
72 792 5
22 793 3
121 793 4
22 794 3
22 795 4
22 796 5
22 797 4
123 797 2
22 798 3
123 798 4
22 799 4
22 800 4
123 800 3
22 801 3
22 802 5
123 802 3
22 803 4
22 804 4
123 804 4
22 805 3
22 806 3
22 807 4
22 808 3
22 809 4
120 810 5
120 811 5
120 812 4
120 813 5
120 814 5
120 815 5
123 815 5
120 816 5
120 817 5
22 818 5
72 819 4
72 820 5
124 820 5
121 821 4
124 821 4
121 822 2
121 823 4
123 824 4
124 824 5
125 824 3
126 824 4
123 825 2
123 826 2
123 827 3
125 827 4
126 827 5
123 828 3
125 828 3
123 829 2
123 830 3
125 830 3
123 831 1
125 831 1
123 832 4
125 832 2
123 833 3
125 833 3
123 834 3
123 835 2
123 836 2
123 837 2
123 838 3
123 839 1
123 840 1
123 841 3
123 842 4
123 843 4
123 844 2
123 845 2
123 846 5
123 847 3
123 848 4
123 849 2
123 850 3
123 851 3
123 852 3
123 853 2
123 854 4
123 855 4
123 856 2
123 857 2
124 858 5
124 859 2
125 859 2
124 860 4
125 861 5
126 861 5
125 862 3
125 863 3
125 864 4
125 865 2
125 866 5
126 866 4
125 867 3
125 868 4
125 869 4
125 870 3
125 871 3
125 872 1
125 873 2
125 874 2
125 875 2
125 876 3
125 877 2
125 878 2
126 879 5
126 880 5
126 881 5
126 882 2
126 883 2
